snapshot 	 galaxy number 
1000 	 782 
1000 	 952 
1000 	 987 
999 	 969 
999 	 1048 
998 	 438 
997 	 13 
997 	 923 
997 	 955 
997 	 1048 
996 	 87 
996 	 835 
996 	 989 
995 	 452 
995 	 547 
995 	 649 
995 	 745 
994 	 568 
994 	 857 
994 	 942 
993 	 523 
993 	 682 
993 	 1057 
992 	 418 
992 	 864 
992 	 875 
992 	 911 
992 	 952 
992 	 985 
991 	 618 
991 	 861 
991 	 880 
990 	 191 
990 	 747 
990 	 875 
990 	 987 
990 	 1046 
990 	 1049 
990 	 1104 
989 	 674 
989 	 923 
988 	 343 
988 	 683 
988 	 900 
988 	 1084 
987 	 835 
987 	 994 
987 	 1012 
986 	 973 
985 	 218 
984 	 581 
984 	 679 
984 	 836 
984 	 1028 
984 	 1065 
983 	 606 
983 	 632 
983 	 680 
983 	 696 
983 	 785 
982 	 604 
982 	 651 
982 	 654 
982 	 691 
982 	 799 
982 	 825 
982 	 897 
982 	 945 
981 	 648 
981 	 654 
981 	 893 
981 	 969 
981 	 989 
980 	 98 
980 	 286 
980 	 329 
980 	 1037 
979 	 355 
979 	 634 
979 	 896 
979 	 1025 
979 	 1131 
978 	 633 
978 	 856 
978 	 896 
978 	 912 
978 	 1062 
978 	 1112 
977 	 271 
977 	 363 
977 	 1053 
976 	 621 
976 	 794 
976 	 859 
976 	 898 
976 	 971 
975 	 817 
975 	 1122 
974 	 272 
974 	 276 
974 	 324 
974 	 338 
974 	 748 
974 	 810 
974 	 846 
974 	 1027 
974 	 1050 
973 	 682 
973 	 825 
973 	 896 
973 	 919 
973 	 1018 
973 	 1042 
972 	 554 
972 	 688 
972 	 800 
972 	 865 
972 	 964 
971 	 414 
971 	 877 
971 	 990 
970 	 558 
970 	 768 
970 	 906 
970 	 1014 
970 	 1046 
969 	 263 
969 	 925 
968 	 375 
968 	 892 
968 	 925 
967 	 580 
967 	 853 
967 	 911 
967 	 1019 
967 	 1031 
967 	 1101 
966 	 888 
965 	 908 
964 	 243 
964 	 944 
963 	 304 
963 	 626 
963 	 962 
963 	 1022 
963 	 1063 
962 	 753 
962 	 856 
962 	 879 
962 	 945 
962 	 969 
962 	 1016 
962 	 1031 
961 	 795 
961 	 931 
961 	 1014 
961 	 1071 
960 	 625 
960 	 979 
960 	 1025 
959 	 878 
959 	 880 
958 	 327 
958 	 1013 
958 	 1036 
958 	 1043 
957 	 905 
957 	 1086 
957 	 1089 
955 	 445 
955 	 840 
955 	 857 
955 	 941 
955 	 994 
954 	 234 
954 	 482 
954 	 716 
954 	 783 
954 	 910 
954 	 1007 
954 	 1118 
953 	 583 
953 	 954 
953 	 994 
953 	 998 
952 	 501 
952 	 677 
952 	 762 
952 	 975 
952 	 1132 
951 	 368 
951 	 827 
951 	 884 
951 	 931 
951 	 1084 
950 	 555 
950 	 801 
950 	 810 
950 	 959 
950 	 988 
950 	 1137 
949 	 599 
949 	 727 
948 	 567 
948 	 846 
946 	 536 
946 	 719 
946 	 939 
946 	 957 
946 	 1066 
945 	 563 
945 	 1097 
945 	 1106 
944 	 656 
944 	 819 
944 	 908 
944 	 1022 
943 	 743 
943 	 796 
943 	 881 
943 	 1045 
943 	 1046 
943 	 1049 
942 	 722 
942 	 774 
942 	 811 
942 	 900 
942 	 973 
942 	 1039 
942 	 1120 
941 	 723 
941 	 785 
941 	 795 
941 	 1052 
941 	 1092 
940 	 295 
940 	 856 
940 	 997 
939 	 217 
939 	 566 
939 	 873 
939 	 893 
939 	 901 
939 	 968 
939 	 986 
939 	 990 
938 	 766 
938 	 804 
938 	 896 
938 	 1121 
937 	 858 
937 	 991 
937 	 1058 
937 	 1118 
936 	 102 
936 	 689 
936 	 829 
936 	 1072 
936 	 1085 
936 	 1128 
935 	 800 
935 	 829 
935 	 842 
935 	 958 
935 	 966 
935 	 1018 
935 	 1111 
934 	 665 
934 	 833 
934 	 1055 
934 	 1083 
934 	 1092 
933 	 801 
933 	 901 
933 	 958 
933 	 1100 
933 	 1101 
932 	 905 
932 	 1060 
932 	 1098 
931 	 894 
931 	 1042 
930 	 599 
930 	 683 
930 	 786 
929 	 880 
929 	 1022 
929 	 1051 
928 	 245 
928 	 914 
928 	 1018 
927 	 986 
926 	 620 
926 	 919 
925 	 687 
925 	 981 
925 	 1023 
925 	 1058 
924 	 777 
924 	 919 
924 	 1012 
923 	 92 
923 	 600 
923 	 741 
923 	 816 
923 	 987 
923 	 999 
923 	 1012 
923 	 1046 
923 	 1104 
922 	 986 
922 	 1105 
921 	 662 
921 	 734 
921 	 1070 
920 	 194 
920 	 869 
920 	 936 
920 	 953 
920 	 1021 
920 	 1030 
919 	 591 
919 	 781 
919 	 879 
918 	 504 
918 	 648 
918 	 652 
918 	 696 
918 	 743 
918 	 761 
918 	 989 
918 	 1118 
917 	 778 
917 	 978 
917 	 1075 
916 	 628 
916 	 891 
916 	 966 
916 	 1043 
915 	 295 
915 	 777 
915 	 847 
915 	 997 
915 	 1034 
915 	 1061 
914 	 642 
914 	 697 
914 	 825 
914 	 847 
914 	 1047 
913 	 502 
913 	 598 
913 	 908 
913 	 1003 
913 	 1026 
913 	 1063 
913 	 1080 
912 	 764 
912 	 853 
912 	 895 
912 	 1051 
911 	 392 
911 	 719 
910 	 934 
909 	 655 
909 	 674 
909 	 777 
909 	 863 
909 	 904 
909 	 994 
908 	 502 
908 	 808 
908 	 1113 
907 	 665 
907 	 852 
907 	 1154 
906 	 534 
906 	 926 
906 	 1114 
905 	 623 
905 	 697 
905 	 966 
904 	 239 
904 	 708 
904 	 725 
904 	 853 
904 	 971 
904 	 1105 
904 	 1163 
903 	 591 
903 	 611 
903 	 689 
903 	 1127 
902 	 838 
902 	 906 
902 	 1045 
902 	 1065 
902 	 1068 
901 	 847 
901 	 1015 
901 	 1040 
901 	 1182 
900 	 622 
899 	 792 
899 	 848 
899 	 877 
899 	 1004 
899 	 1063 
899 	 1075 
899 	 1087 
899 	 1117 
898 	 954 
898 	 1048 
898 	 1077 
898 	 1140 
897 	 996 
897 	 1024 
897 	 1158 
896 	 567 
896 	 872 
896 	 929 
896 	 997 
895 	 972 
895 	 1175 
894 	 391 
894 	 402 
894 	 931 
894 	 999 
894 	 1036 
893 	 935 
893 	 938 
893 	 949 
893 	 1179 
892 	 574 
892 	 594 
892 	 810 
892 	 880 
892 	 899 
892 	 1010 
892 	 1052 
891 	 454 
891 	 559 
891 	 637 
891 	 891 
891 	 942 
891 	 966 
891 	 984 
891 	 1049 
890 	 729 
890 	 950 
890 	 987 
889 	 592 
889 	 725 
889 	 747 
889 	 759 
889 	 998 
889 	 1015 
889 	 1017 
889 	 1101 
889 	 1137 
888 	 636 
888 	 686 
888 	 705 
888 	 811 
888 	 984 
887 	 809 
887 	 821 
887 	 866 
887 	 943 
887 	 972 
887 	 1028 
887 	 1031 
887 	 1039 
887 	 1161 
886 	 673 
886 	 962 
886 	 1000 
885 	 1054 
884 	 683 
884 	 700 
884 	 1011 
884 	 1068 
884 	 1156 
883 	 528 
883 	 913 
883 	 927 
883 	 971 
882 	 475 
882 	 929 
881 	 331 
881 	 558 
881 	 640 
881 	 785 
881 	 809 
881 	 817 
881 	 911 
881 	 1001 
881 	 1048 
881 	 1136 
880 	 595 
880 	 811 
880 	 1013 
880 	 1024 
880 	 1067 
880 	 1140 
879 	 427 
879 	 472 
879 	 494 
879 	 649 
879 	 682 
879 	 783 
879 	 822 
879 	 842 
879 	 936 
879 	 1000 
879 	 1056 
879 	 1076 
879 	 1136 
879 	 1172 
878 	 499 
878 	 633 
878 	 1031 
878 	 1075 
878 	 1137 
878 	 1165 
877 	 611 
877 	 756 
877 	 847 
877 	 875 
877 	 877 
877 	 934 
877 	 987 
877 	 1105 
877 	 1133 
877 	 1154 
876 	 58 
876 	 591 
876 	 603 
876 	 775 
876 	 799 
876 	 801 
876 	 894 
876 	 920 
875 	 830 
875 	 878 
875 	 912 
875 	 913 
875 	 1151 
875 	 1183 
874 	 463 
874 	 666 
874 	 892 
874 	 908 
874 	 1054 
873 	 367 
873 	 657 
873 	 691 
873 	 945 
873 	 1037 
873 	 1097 
872 	 198 
872 	 527 
872 	 709 
872 	 894 
872 	 1050 
872 	 1101 
872 	 1159 
872 	 1197 
871 	 564 
871 	 647 
871 	 1183 
870 	 666 
870 	 742 
870 	 819 
870 	 873 
870 	 1080 
870 	 1143 
870 	 1173 
869 	 589 
869 	 818 
869 	 1079 
868 	 611 
868 	 747 
868 	 836 
868 	 893 
868 	 1000 
868 	 1050 
868 	 1160 
867 	 599 
867 	 681 
867 	 753 
867 	 797 
867 	 1113 
866 	 86 
866 	 562 
866 	 701 
866 	 741 
866 	 917 
866 	 932 
866 	 1009 
866 	 1031 
866 	 1047 
865 	 1025 
864 	 695 
864 	 1016 
864 	 1040 
863 	 613 
863 	 751 
863 	 1076 
863 	 1079 
862 	 854 
862 	 917 
861 	 472 
861 	 613 
861 	 614 
861 	 1127 
860 	 323 
860 	 838 
860 	 930 
860 	 931 
860 	 1137 
860 	 1148 
859 	 487 
859 	 810 
859 	 865 
859 	 970 
859 	 1137 
858 	 647 
858 	 759 
858 	 782 
858 	 810 
858 	 827 
858 	 947 
858 	 960 
858 	 1050 
858 	 1056 
857 	 2 
857 	 971 
857 	 1000 
857 	 1024 
857 	 1037 
856 	 340 
856 	 490 
856 	 498 
856 	 540 
856 	 818 
856 	 824 
856 	 910 
856 	 920 
856 	 977 
856 	 1089 
856 	 1126 
855 	 727 
855 	 888 
855 	 1000 
855 	 1046 
855 	 1075 
855 	 1095 
854 	 551 
854 	 991 
854 	 1034 
854 	 1109 
853 	 497 
853 	 1077 
852 	 416 
852 	 631 
852 	 877 
852 	 1125 
852 	 1153 
851 	 3 
851 	 434 
851 	 791 
851 	 829 
851 	 871 
851 	 1113 
850 	 538 
850 	 550 
850 	 823 
850 	 854 
850 	 968 
850 	 1085 
849 	 482 
849 	 897 
849 	 970 
849 	 1076 
848 	 127 
848 	 429 
848 	 687 
848 	 971 
848 	 992 
848 	 1117 
847 	 547 
847 	 630 
847 	 855 
847 	 961 
847 	 976 
847 	 1063 
846 	 683 
846 	 799 
846 	 945 
846 	 975 
846 	 1011 
845 	 389 
845 	 705 
845 	 733 
845 	 770 
845 	 946 
845 	 953 
845 	 968 
845 	 1135 
845 	 1142 
844 	 688 
844 	 1050 
843 	 377 
843 	 442 
843 	 918 
842 	 707 
842 	 772 
842 	 942 
841 	 371 
841 	 435 
841 	 443 
841 	 840 
841 	 910 
841 	 912 
841 	 1026 
841 	 1119 
840 	 860 
840 	 906 
840 	 925 
840 	 1006 
839 	 764 
839 	 890 
839 	 898 
839 	 965 
839 	 998 
838 	 383 
838 	 642 
838 	 676 
838 	 745 
838 	 814 
838 	 869 
838 	 885 
837 	 277 
837 	 423 
837 	 894 
837 	 920 
837 	 1036 
837 	 1167 
836 	 436 
836 	 605 
836 	 826 
836 	 865 
836 	 905 
836 	 962 
835 	 510 
835 	 622 
835 	 803 
835 	 835 
835 	 837 
835 	 904 
835 	 910 
835 	 1010 
835 	 1129 
834 	 835 
834 	 873 
834 	 962 
834 	 1016 
834 	 1103 
833 	 467 
833 	 664 
833 	 959 
833 	 961 
833 	 986 
833 	 993 
833 	 1063 
833 	 1132 
832 	 443 
832 	 526 
832 	 673 
832 	 964 
832 	 1130 
831 	 754 
831 	 816 
831 	 903 
831 	 1190 
830 	 340 
830 	 439 
830 	 638 
830 	 714 
830 	 722 
830 	 780 
830 	 1017 
830 	 1150 
830 	 1173 
829 	 777 
828 	 460 
828 	 467 
828 	 633 
828 	 650 
828 	 736 
828 	 866 
828 	 872 
828 	 884 
828 	 949 
828 	 1084 
828 	 1155 
828 	 1171 
827 	 660 
827 	 677 
827 	 779 
827 	 887 
827 	 962 
826 	 453 
826 	 493 
826 	 544 
826 	 559 
826 	 629 
826 	 909 
826 	 919 
826 	 929 
826 	 954 
826 	 1052 
825 	 527 
825 	 544 
825 	 804 
825 	 808 
825 	 809 
825 	 964 
825 	 1045 
824 	 473 
824 	 611 
824 	 639 
824 	 719 
824 	 866 
824 	 946 
824 	 1017 
824 	 1183 
823 	 500 
823 	 564 
823 	 579 
823 	 651 
823 	 654 
823 	 781 
822 	 672 
822 	 904 
822 	 947 
822 	 1110 
822 	 1130 
821 	 504 
821 	 600 
821 	 997 
821 	 1071 
821 	 1152 
820 	 586 
820 	 732 
820 	 819 
820 	 891 
819 	 124 
819 	 518 
819 	 563 
819 	 680 
819 	 809 
819 	 836 
819 	 924 
819 	 942 
818 	 565 
818 	 943 
818 	 975 
818 	 1066 
817 	 260 
817 	 915 
817 	 929 
817 	 946 
817 	 960 
817 	 1093 
816 	 627 
816 	 795 
816 	 819 
816 	 858 
816 	 926 
815 	 383 
815 	 724 
815 	 778 
815 	 846 
815 	 878 
815 	 885 
815 	 1019 
815 	 1044 
815 	 1141 
814 	 607 
814 	 654 
814 	 658 
814 	 742 
814 	 806 
814 	 860 
814 	 862 
813 	 517 
813 	 523 
813 	 600 
813 	 691 
813 	 826 
813 	 956 
813 	 1155 
812 	 563 
812 	 779 
812 	 798 
812 	 979 
812 	 1035 
812 	 1044 
812 	 1048 
811 	 670 
811 	 739 
811 	 999 
810 	 959 
810 	 986 
809 	 577 
809 	 619 
809 	 1056 
809 	 1134 
808 	 441 
808 	 475 
808 	 709 
808 	 720 
808 	 910 
808 	 1005 
808 	 1152 
807 	 658 
807 	 743 
807 	 822 
807 	 946 
806 	 396 
806 	 398 
806 	 844 
806 	 919 
806 	 982 
806 	 996 
806 	 1011 
805 	 692 
805 	 793 
805 	 940 
805 	 976 
804 	 433 
804 	 601 
804 	 624 
804 	 684 
804 	 801 
804 	 873 
804 	 929 
804 	 952 
804 	 956 
804 	 1163 
803 	 224 
803 	 687 
803 	 692 
803 	 740 
802 	 993 
801 	 541 
801 	 787 
801 	 799 
801 	 872 
800 	 273 
800 	 703 
800 	 735 
800 	 752 
800 	 792 
800 	 834 
800 	 893 
800 	 894 
800 	 964 
799 	 606 
799 	 854 
798 	 489 
798 	 584 
798 	 850 
797 	 611 
797 	 808 
797 	 869 
796 	 398 
796 	 585 
796 	 642 
796 	 764 
796 	 1022 
796 	 1038 
796 	 1067 
795 	 538 
795 	 676 
795 	 711 
795 	 727 
795 	 810 
795 	 887 
795 	 995 
794 	 287 
794 	 487 
794 	 699 
794 	 759 
794 	 951 
793 	 109 
793 	 547 
793 	 606 
793 	 613 
793 	 702 
793 	 806 
793 	 817 
793 	 832 
793 	 846 
793 	 889 
793 	 964 
793 	 981 
793 	 1079 
792 	 511 
792 	 637 
791 	 97 
791 	 300 
791 	 538 
791 	 614 
791 	 652 
791 	 779 
791 	 890 
791 	 993 
790 	 660 
790 	 766 
790 	 773 
790 	 812 
790 	 871 
790 	 931 
790 	 1028 
789 	 504 
789 	 509 
789 	 622 
789 	 756 
788 	 497 
788 	 728 
788 	 874 
788 	 920 
788 	 1138 
787 	 629 
787 	 725 
787 	 743 
787 	 784 
787 	 802 
787 	 823 
787 	 962 
786 	 330 
786 	 801 
786 	 844 
786 	 895 
786 	 945 
786 	 986 
786 	 1113 
785 	 665 
785 	 696 
785 	 934 
784 	 362 
784 	 371 
784 	 637 
784 	 646 
784 	 785 
784 	 792 
784 	 1036 
784 	 1072 
783 	 323 
783 	 425 
783 	 446 
783 	 690 
783 	 701 
783 	 764 
783 	 779 
783 	 882 
783 	 898 
783 	 912 
783 	 1014 
783 	 1043 
783 	 1048 
782 	 740 
782 	 818 
782 	 833 
782 	 972 
781 	 337 
781 	 582 
781 	 586 
780 	 783 
780 	 819 
780 	 829 
780 	 866 
779 	 473 
779 	 556 
779 	 597 
779 	 717 
779 	 788 
779 	 825 
778 	 430 
778 	 576 
778 	 819 
778 	 906 
778 	 955 
777 	 256 
777 	 353 
777 	 379 
777 	 530 
777 	 591 
777 	 745 
777 	 913 
777 	 947 
777 	 1039 
776 	 380 
776 	 554 
776 	 705 
776 	 827 
775 	 709 
775 	 790 
775 	 914 
775 	 938 
775 	 984 
775 	 987 
775 	 996 
774 	 488 
774 	 532 
774 	 767 
774 	 896 
774 	 944 
774 	 961 
774 	 1010 
774 	 1065 
773 	 531 
773 	 636 
773 	 652 
773 	 732 
773 	 808 
773 	 1009 
772 	 657 
772 	 706 
772 	 833 
772 	 999 
771 	 427 
771 	 600 
771 	 789 
771 	 818 
771 	 930 
771 	 959 
771 	 999 
770 	 503 
770 	 506 
770 	 670 
770 	 707 
770 	 714 
770 	 991 
770 	 1023 
769 	 363 
769 	 538 
769 	 594 
769 	 673 
768 	 430 
768 	 520 
768 	 594 
768 	 726 
768 	 880 
768 	 980 
767 	 375 
767 	 447 
767 	 667 
767 	 695 
767 	 1004 
766 	 573 
766 	 759 
766 	 1036 
765 	 657 
765 	 725 
765 	 889 
765 	 901 
764 	 265 
764 	 334 
764 	 393 
764 	 543 
764 	 645 
764 	 890 
764 	 917 
764 	 1051 
763 	 411 
763 	 481 
763 	 582 
763 	 784 
763 	 901 
762 	 218 
762 	 362 
762 	 371 
762 	 604 
762 	 1025 
761 	 413 
761 	 431 
761 	 621 
761 	 748 
761 	 797 
761 	 839 
761 	 854 
760 	 447 
760 	 465 
760 	 804 
760 	 825 
760 	 846 
760 	 877 
760 	 948 
759 	 175 
759 	 252 
759 	 320 
759 	 371 
759 	 431 
759 	 435 
759 	 579 
759 	 616 
759 	 635 
759 	 831 
758 	 252 
758 	 375 
758 	 765 
758 	 789 
758 	 819 
758 	 842 
758 	 926 
758 	 1037 
757 	 291 
757 	 325 
757 	 413 
757 	 597 
757 	 607 
757 	 639 
757 	 650 
757 	 765 
757 	 821 
757 	 909 
757 	 926 
757 	 938 
756 	 161 
756 	 510 
756 	 571 
756 	 790 
756 	 885 
756 	 900 
755 	 241 
755 	 263 
755 	 328 
755 	 441 
755 	 464 
755 	 622 
755 	 965 
755 	 1051 
754 	 288 
754 	 290 
754 	 456 
754 	 476 
754 	 625 
754 	 871 
754 	 953 
753 	 575 
753 	 616 
753 	 632 
753 	 711 
753 	 937 
753 	 1030 
752 	 595 
752 	 791 
752 	 794 
751 	 133 
751 	 297 
751 	 507 
751 	 551 
751 	 569 
751 	 605 
751 	 795 
751 	 820 
751 	 929 
751 	 987 
751 	 1022 
750 	 579 
750 	 656 
750 	 989 
749 	 230 
749 	 470 
749 	 526 
749 	 607 
749 	 757 
749 	 778 
749 	 938 
749 	 1011 
748 	 298 
748 	 346 
748 	 358 
748 	 635 
748 	 718 
748 	 813 
747 	 564 
747 	 992 
746 	 554 
746 	 680 
746 	 928 
745 	 576 
745 	 676 
745 	 712 
745 	 749 
745 	 802 
745 	 863 
744 	 322 
744 	 446 
744 	 514 
744 	 618 
744 	 702 
744 	 789 
744 	 806 
744 	 818 
744 	 832 
744 	 835 
744 	 1041 
743 	 502 
743 	 653 
742 	 337 
742 	 355 
742 	 463 
742 	 559 
742 	 617 
742 	 647 
742 	 717 
742 	 793 
741 	 213 
741 	 584 
741 	 689 
741 	 763 
740 	 207 
740 	 341 
740 	 346 
740 	 388 
740 	 535 
740 	 581 
740 	 583 
740 	 668 
740 	 669 
740 	 695 
740 	 963 
739 	 210 
739 	 216 
739 	 309 
739 	 396 
739 	 407 
739 	 496 
739 	 536 
739 	 571 
739 	 621 
739 	 680 
739 	 880 
739 	 951 
739 	 997 
738 	 341 
738 	 375 
738 	 393 
738 	 791 
738 	 968 
737 	 250 
737 	 489 
736 	 455 
736 	 634 
736 	 816 
736 	 990 
735 	 368 
735 	 479 
735 	 527 
735 	 711 
735 	 731 
735 	 857 
734 	 217 
734 	 449 
734 	 537 
734 	 675 
734 	 702 
733 	 583 
733 	 769 
733 	 893 
732 	 354 
732 	 381 
732 	 466 
732 	 580 
732 	 745 
732 	 837 
732 	 844 
731 	 361 
731 	 505 
731 	 536 
731 	 756 
731 	 764 
731 	 828 
731 	 923 
730 	 206 
730 	 382 
730 	 404 
730 	 426 
730 	 779 
729 	 376 
729 	 384 
729 	 487 
729 	 497 
729 	 542 
729 	 699 
729 	 709 
729 	 746 
729 	 909 
728 	 395 
728 	 423 
728 	 487 
728 	 756 
728 	 828 
728 	 910 
727 	 315 
727 	 422 
727 	 494 
727 	 724 
727 	 895 
727 	 934 
726 	 194 
726 	 325 
726 	 371 
726 	 389 
726 	 427 
726 	 592 
726 	 682 
726 	 722 
726 	 763 
726 	 871 
726 	 920 
725 	 342 
725 	 709 
725 	 847 
724 	 347 
724 	 427 
724 	 571 
724 	 627 
724 	 723 
723 	 717 
723 	 904 
722 	 516 
722 	 640 
721 	 227 
721 	 340 
721 	 472 
721 	 501 
721 	 514 
721 	 573 
721 	 724 
721 	 769 
721 	 857 
720 	 262 
720 	 315 
720 	 353 
720 	 410 
720 	 439 
720 	 452 
720 	 514 
719 	 336 
719 	 433 
719 	 455 
719 	 534 
719 	 643 
719 	 673 
718 	 297 
718 	 308 
718 	 309 
717 	 345 
717 	 403 
717 	 426 
717 	 680 
717 	 866 
716 	 270 
716 	 321 
716 	 395 
716 	 396 
715 	 291 
715 	 381 
715 	 397 
715 	 408 
715 	 433 
715 	 449 
715 	 483 
715 	 544 
715 	 579 
715 	 644 
715 	 650 
715 	 668 
715 	 729 
715 	 785 
714 	 591 
714 	 649 
714 	 675 
713 	 284 
713 	 421 
713 	 435 
713 	 477 
713 	 498 
713 	 520 
713 	 593 
712 	 290 
712 	 395 
712 	 466 
712 	 605 
712 	 614 
712 	 623 
712 	 635 
711 	 377 
711 	 433 
711 	 512 
711 	 694 
710 	 348 
710 	 364 
710 	 430 
710 	 448 
710 	 450 
710 	 480 
710 	 573 
709 	 177 
709 	 364 
709 	 460 
709 	 490 
709 	 516 
709 	 600 
709 	 657 
709 	 796 
708 	 327 
708 	 462 
708 	 516 
708 	 540 
708 	 545 
708 	 568 
708 	 585 
708 	 641 
708 	 687 
708 	 697 
708 	 699 
708 	 747 
707 	 238 
707 	 311 
707 	 359 
707 	 425 
707 	 495 
707 	 594 
707 	 685 
706 	 160 
706 	 358 
706 	 418 
706 	 567 
706 	 652 
706 	 853 
705 	 163 
705 	 176 
705 	 319 
705 	 374 
705 	 444 
705 	 500 
705 	 679 
705 	 712 
705 	 816 
704 	 264 
704 	 270 
704 	 278 
704 	 280 
704 	 374 
704 	 470 
704 	 543 
704 	 721 
703 	 234 
703 	 308 
703 	 340 
703 	 416 
703 	 420 
703 	 472 
703 	 539 
703 	 547 
703 	 585 
702 	 273 
702 	 304 
702 	 327 
702 	 335 
702 	 396 
702 	 420 
702 	 454 
702 	 577 
702 	 733 
702 	 768 
701 	 192 
701 	 288 
701 	 355 
701 	 442 
701 	 572 
701 	 722 
700 	 421 
700 	 599 
700 	 677 
699 	 197 
699 	 285 
698 	 102 
698 	 280 
698 	 322 
698 	 329 
698 	 401 
697 	 285 
697 	 319 
697 	 463 
697 	 469 
697 	 506 
697 	 562 
697 	 573 
696 	 306 
696 	 309 
696 	 345 
696 	 417 
696 	 432 
695 	 282 
695 	 323 
695 	 354 
695 	 383 
695 	 500 
695 	 602 
695 	 607 
694 	 258 
694 	 380 
694 	 459 
694 	 668 
693 	 305 
693 	 343 
693 	 390 
693 	 435 
693 	 454 
693 	 482 
693 	 618 
693 	 720 
692 	 164 
692 	 272 
692 	 273 
692 	 337 
692 	 416 
692 	 529 
692 	 668 
692 	 754 
691 	 204 
691 	 217 
691 	 699 
690 	 215 
690 	 299 
690 	 307 
690 	 355 
690 	 410 
690 	 601 
690 	 618 
690 	 667 
689 	 217 
689 	 351 
689 	 534 
688 	 205 
688 	 632 
688 	 740 
688 	 749 
687 	 202 
687 	 227 
687 	 440 
687 	 485 
687 	 514 
686 	 523 
685 	 252 
685 	 255 
685 	 289 
685 	 383 
685 	 458 
685 	 582 
685 	 685 
684 	 285 
684 	 406 
684 	 426 
684 	 449 
684 	 466 
684 	 602 
684 	 607 
683 	 154 
683 	 159 
683 	 205 
683 	 225 
683 	 307 
683 	 503 
682 	 217 
682 	 576 
682 	 603 
682 	 626 
681 	 230 
681 	 241 
681 	 356 
681 	 572 
680 	 193 
680 	 213 
680 	 240 
680 	 368 
680 	 461 
679 	 343 
679 	 374 
679 	 533 
679 	 580 
679 	 621 
679 	 639 
678 	 113 
678 	 247 
678 	 252 
678 	 256 
678 	 322 
678 	 341 
678 	 431 
677 	 339 
677 	 390 
677 	 427 
677 	 604 
676 	 139 
676 	 449 
676 	 460 
676 	 674 
675 	 203 
675 	 270 
675 	 282 
675 	 364 
675 	 425 
675 	 437 
675 	 631 
674 	 180 
674 	 237 
674 	 265 
674 	 322 
674 	 339 
674 	 445 
674 	 653 
673 	 177 
673 	 319 
673 	 607 
672 	 165 
672 	 181 
672 	 260 
672 	 360 
672 	 439 
672 	 547 
671 	 186 
671 	 303 
671 	 401 
671 	 597 
671 	 641 
670 	 135 
670 	 149 
670 	 233 
670 	 282 
670 	 321 
669 	 209 
669 	 233 
669 	 271 
669 	 300 
669 	 330 
669 	 449 
669 	 548 
668 	 167 
668 	 174 
668 	 230 
668 	 250 
668 	 391 
668 	 422 
667 	 156 
667 	 380 
666 	 140 
666 	 221 
666 	 252 
666 	 258 
666 	 269 
666 	 272 
666 	 291 
666 	 308 
666 	 313 
666 	 363 
666 	 368 
666 	 385 
666 	 461 
665 	 162 
665 	 180 
665 	 254 
665 	 287 
665 	 312 
665 	 318 
665 	 396 
665 	 569 
664 	 194 
664 	 204 
664 	 420 
663 	 93 
663 	 217 
663 	 233 
663 	 239 
663 	 278 
663 	 354 
662 	 204 
662 	 278 
662 	 325 
662 	 368 
661 	 78 
661 	 117 
661 	 273 
661 	 285 
661 	 357 
660 	 140 
660 	 255 
660 	 294 
660 	 582 
659 	 238 
659 	 379 
659 	 382 
658 	 277 
658 	 406 
658 	 441 
658 	 541 
657 	 116 
657 	 262 
657 	 294 
657 	 310 
657 	 346 
657 	 533 
656 	 188 
656 	 324 
656 	 428 
656 	 518 
655 	 54 
655 	 181 
655 	 244 
655 	 323 
655 	 521 
655 	 535 
654 	 169 
654 	 246 
654 	 267 
654 	 282 
654 	 299 
654 	 373 
653 	 177 
653 	 191 
653 	 230 
653 	 232 
653 	 313 
653 	 470 
652 	 110 
652 	 145 
652 	 170 
652 	 174 
652 	 206 
652 	 239 
652 	 296 
651 	 175 
651 	 200 
651 	 218 
651 	 228 
651 	 249 
651 	 263 
651 	 416 
651 	 506 
650 	 135 
650 	 182 
650 	 201 
650 	 217 
650 	 243 
650 	 251 
650 	 315 
650 	 435 
649 	 89 
649 	 147 
649 	 155 
649 	 203 
649 	 279 
649 	 315 
649 	 449 
649 	 451 
648 	 122 
648 	 126 
648 	 164 
648 	 274 
648 	 475 
647 	 207 
647 	 215 
647 	 265 
647 	 305 
647 	 324 
647 	 336 
647 	 445 
646 	 72 
646 	 208 
646 	 229 
646 	 286 
645 	 169 
645 	 194 
645 	 233 
645 	 401 
644 	 146 
644 	 207 
644 	 211 
644 	 317 
644 	 389 
643 	 215 
642 	 110 
642 	 177 
642 	 189 
642 	 230 
641 	 224 
641 	 321 
641 	 353 
640 	 135 
640 	 179 
639 	 74 
639 	 132 
639 	 148 
639 	 172 
639 	 333 
639 	 334 
639 	 420 
638 	 60 
638 	 141 
638 	 203 
638 	 367 
638 	 445 
638 	 449 
637 	 71 
637 	 186 
637 	 203 
637 	 204 
637 	 246 
637 	 251 
636 	 70 
636 	 119 
636 	 128 
636 	 140 
636 	 168 
636 	 194 
636 	 197 
635 	 76 
635 	 113 
635 	 127 
635 	 137 
635 	 386 
634 	 208 
634 	 281 
633 	 176 
633 	 215 
633 	 245 
633 	 298 
632 	 117 
632 	 185 
632 	 210 
631 	 59 
631 	 85 
631 	 235 
631 	 327 
631 	 383 
630 	 96 
630 	 108 
630 	 175 
630 	 199 
630 	 221 
630 	 296 
630 	 343 
628 	 151 
628 	 154 
628 	 284 
628 	 351 
627 	 65 
627 	 131 
627 	 246 
626 	 82 
626 	 104 
626 	 143 
626 	 188 
626 	 205 
626 	 352 
625 	 98 
625 	 149 
625 	 168 
625 	 274 
625 	 342 
624 	 46 
624 	 51 
624 	 146 
624 	 171 
623 	 86 
623 	 142 
623 	 242 
623 	 306 
623 	 312 
622 	 130 
622 	 158 
622 	 232 
621 	 108 
621 	 123 
621 	 145 
621 	 150 
621 	 284 
620 	 4 
620 	 253 
619 	 44 
619 	 109 
618 	 15 
618 	 87 
618 	 315 
617 	 67 
617 	 92 
617 	 175 
616 	 70 
616 	 135 
616 	 199 
616 	 274 
615 	 77 
615 	 113 
615 	 115 
615 	 121 
614 	 152 
614 	 267 
613 	 52 
613 	 53 
613 	 274 
612 	 59 
612 	 63 
612 	 87 
612 	 88 
612 	 102 
611 	 83 
611 	 114 
611 	 130 
610 	 72 
610 	 124 
610 	 166 
610 	 283 
609 	 55 
609 	 112 
608 	 44 
608 	 121 
607 	 46 
607 	 92 
606 	 71 
606 	 78 
605 	 31 
605 	 134 
605 	 135 
604 	 42 
604 	 49 
604 	 71 
604 	 92 
604 	 121 
604 	 160 
604 	 163 
603 	 41 
603 	 54 
603 	 78 
602 	 115 
602 	 234 
601 	 52 
601 	 84 
601 	 140 
600 	 58 
600 	 68 
600 	 72 
600 	 77 
600 	 182 
599 	 16 
598 	 38 
598 	 49 
598 	 54 
597 	 19 
597 	 64 
597 	 65 
597 	 123 
596 	 47 
596 	 65 
595 	 73 
594 	 43 
594 	 68 
594 	 90 
594 	 129 
594 	 176 
593 	 40 
593 	 156 
592 	 96 
592 	 164 
592 	 180 
591 	 148 
590 	 28 
590 	 60 
590 	 126 
589 	 12 
589 	 51 
589 	 60 
589 	 62 
588 	 73 
587 	 16 
587 	 52 
587 	 63 
587 	 95 
587 	 103 
587 	 117 
586 	 37 
586 	 117 
583 	 8 
583 	 36 
583 	 49 
583 	 67 
582 	 87 
581 	 35 
581 	 61 
580 	 63 
580 	 98 
579 	 99 
578 	 44 
578 	 48 
577 	 35 
577 	 63 
577 	 83 
576 	 9 
576 	 38 
575 	 9 
574 	 50 
573 	 13 
573 	 46 
573 	 49 
573 	 60 
572 	 13 
572 	 46 
572 	 49 
572 	 60 
571 	 51 
571 	 61 
570 	 1 
569 	 34 
569 	 47 
568 	 7 
568 	 59 
567 	 48 
566 	 13 
565 	 22 
564 	 24 
564 	 37 
564 	 38 
564 	 44 
563 	 58 
562 	 14 
562 	 54 
561 	 17 
561 	 22 
561 	 29 
561 	 30 
560 	 12 
559 	 67 
558 	 39 
558 	 54 
557 	 20 
557 	 33 
557 	 43 
557 	 45 
556 	 13 
556 	 41 
554 	 9 
553 	 25 
553 	 41 
552 	 20 
551 	 11 
550 	 2 
550 	 28 
548 	 12 
547 	 1 
547 	 8 
546 	 5 
545 	 1 
545 	 3 
545 	 20 
544 	 3 
544 	 21 
544 	 42 
540 	 14 
539 	 32 
538 	 10 
537 	 4 
536 	 23 
534 	 5 
534 	 9 
534 	 13 
530 	 10 
528 	 13 
526 	 20 
525 	 8 
524 	 11 
522 	 8 
521 	 5 
521 	 16 
503 	 2 
