snapshot 	 galaxy number 
1000 	 515 
1000 	 567 
1000 	 582 
1000 	 589 
1000 	 591 
1000 	 593 
1000 	 594 
1000 	 596 
1000 	 600 
1000 	 608 
1000 	 622 
1000 	 624 
1000 	 626 
1000 	 627 
1000 	 632 
1000 	 633 
1000 	 634 
1000 	 636 
1000 	 638 
1000 	 640 
1000 	 652 
1000 	 659 
1000 	 660 
1000 	 661 
1000 	 668 
1000 	 669 
1000 	 670 
1000 	 680 
1000 	 684 
1000 	 687 
1000 	 688 
1000 	 691 
1000 	 697 
1000 	 707 
1000 	 708 
1000 	 712 
1000 	 721 
1000 	 723 
1000 	 724 
1000 	 736 
1000 	 743 
1000 	 758 
1000 	 794 
999 	 467 
999 	 486 
999 	 555 
999 	 582 
999 	 583 
999 	 590 
999 	 600 
999 	 605 
999 	 613 
999 	 626 
999 	 627 
999 	 655 
999 	 686 
999 	 692 
999 	 696 
999 	 698 
999 	 712 
999 	 713 
999 	 714 
999 	 719 
999 	 721 
999 	 743 
999 	 784 
999 	 819 
998 	 433 
998 	 496 
998 	 535 
998 	 603 
998 	 614 
998 	 615 
998 	 616 
998 	 624 
998 	 633 
998 	 636 
998 	 637 
998 	 638 
998 	 640 
998 	 644 
998 	 649 
998 	 660 
998 	 663 
998 	 667 
998 	 668 
998 	 674 
998 	 676 
998 	 681 
998 	 682 
998 	 688 
998 	 693 
998 	 695 
998 	 696 
998 	 698 
998 	 711 
998 	 713 
998 	 715 
998 	 723 
998 	 726 
998 	 736 
998 	 737 
998 	 743 
998 	 745 
998 	 746 
998 	 764 
998 	 770 
998 	 800 
997 	 527 
997 	 530 
997 	 533 
997 	 561 
997 	 569 
997 	 581 
997 	 590 
997 	 594 
997 	 609 
997 	 612 
997 	 623 
997 	 624 
997 	 627 
997 	 630 
997 	 631 
997 	 634 
997 	 647 
997 	 656 
997 	 659 
997 	 662 
997 	 663 
997 	 669 
997 	 671 
997 	 688 
997 	 692 
997 	 697 
997 	 700 
997 	 718 
997 	 720 
997 	 721 
997 	 723 
997 	 724 
997 	 726 
997 	 732 
997 	 752 
997 	 754 
997 	 764 
996 	 497 
996 	 531 
996 	 534 
996 	 560 
996 	 565 
996 	 572 
996 	 587 
996 	 591 
996 	 602 
996 	 604 
996 	 605 
996 	 608 
996 	 612 
996 	 613 
996 	 615 
996 	 618 
996 	 623 
996 	 630 
996 	 637 
996 	 651 
996 	 655 
996 	 659 
996 	 664 
996 	 665 
996 	 666 
996 	 668 
996 	 670 
996 	 671 
996 	 675 
996 	 679 
996 	 689 
996 	 695 
996 	 701 
996 	 704 
996 	 705 
996 	 711 
996 	 715 
996 	 716 
996 	 722 
996 	 727 
996 	 759 
996 	 770 
996 	 781 
995 	 486 
995 	 491 
995 	 566 
995 	 570 
995 	 583 
995 	 586 
995 	 587 
995 	 601 
995 	 612 
995 	 615 
995 	 616 
995 	 619 
995 	 630 
995 	 631 
995 	 632 
995 	 635 
995 	 636 
995 	 652 
995 	 657 
995 	 660 
995 	 661 
995 	 662 
995 	 667 
995 	 668 
995 	 683 
995 	 684 
995 	 687 
995 	 689 
995 	 694 
995 	 696 
995 	 698 
995 	 705 
995 	 722 
995 	 725 
995 	 728 
995 	 743 
995 	 759 
995 	 763 
994 	 387 
994 	 535 
994 	 549 
994 	 575 
994 	 578 
994 	 591 
994 	 596 
994 	 614 
994 	 619 
994 	 632 
994 	 640 
994 	 649 
994 	 650 
994 	 652 
994 	 655 
994 	 656 
994 	 662 
994 	 663 
994 	 665 
994 	 676 
994 	 680 
994 	 684 
994 	 689 
994 	 697 
994 	 706 
994 	 708 
994 	 709 
994 	 713 
994 	 719 
994 	 720 
994 	 731 
994 	 734 
994 	 739 
994 	 762 
994 	 807 
993 	 492 
993 	 566 
993 	 571 
993 	 584 
993 	 589 
993 	 603 
993 	 605 
993 	 615 
993 	 621 
993 	 629 
993 	 636 
993 	 637 
993 	 638 
993 	 640 
993 	 641 
993 	 642 
993 	 643 
993 	 644 
993 	 645 
993 	 647 
993 	 648 
993 	 649 
993 	 663 
993 	 665 
993 	 668 
993 	 669 
993 	 670 
993 	 672 
993 	 675 
993 	 677 
993 	 678 
993 	 681 
993 	 682 
993 	 684 
993 	 690 
993 	 695 
993 	 696 
993 	 702 
993 	 705 
993 	 715 
993 	 731 
993 	 739 
993 	 745 
993 	 753 
993 	 755 
993 	 774 
993 	 781 
993 	 803 
992 	 476 
992 	 496 
992 	 510 
992 	 531 
992 	 568 
992 	 599 
992 	 601 
992 	 605 
992 	 607 
992 	 615 
992 	 617 
992 	 622 
992 	 626 
992 	 628 
992 	 634 
992 	 635 
992 	 637 
992 	 639 
992 	 641 
992 	 652 
992 	 658 
992 	 667 
992 	 668 
992 	 671 
992 	 696 
992 	 697 
992 	 703 
992 	 704 
992 	 713 
992 	 714 
992 	 719 
992 	 732 
991 	 514 
991 	 569 
991 	 581 
991 	 586 
991 	 600 
991 	 603 
991 	 606 
991 	 612 
991 	 617 
991 	 624 
991 	 629 
991 	 633 
991 	 634 
991 	 638 
991 	 643 
991 	 645 
991 	 647 
991 	 649 
991 	 650 
991 	 660 
991 	 672 
991 	 674 
991 	 685 
991 	 686 
991 	 698 
991 	 699 
991 	 706 
991 	 710 
991 	 712 
991 	 748 
991 	 751 
991 	 755 
991 	 767 
990 	 406 
990 	 416 
990 	 504 
990 	 541 
990 	 575 
990 	 578 
990 	 580 
990 	 588 
990 	 600 
990 	 602 
990 	 608 
990 	 609 
990 	 612 
990 	 624 
990 	 631 
990 	 637 
990 	 638 
990 	 640 
990 	 642 
990 	 643 
990 	 652 
990 	 661 
990 	 662 
990 	 683 
990 	 684 
990 	 687 
990 	 693 
990 	 701 
990 	 703 
990 	 710 
990 	 715 
990 	 722 
990 	 739 
989 	 517 
989 	 530 
989 	 536 
989 	 557 
989 	 564 
989 	 570 
989 	 571 
989 	 573 
989 	 579 
989 	 590 
989 	 593 
989 	 594 
989 	 596 
989 	 598 
989 	 607 
989 	 611 
989 	 625 
989 	 626 
989 	 631 
989 	 633 
989 	 649 
989 	 651 
989 	 659 
989 	 660 
989 	 662 
989 	 663 
989 	 665 
989 	 667 
989 	 670 
989 	 676 
989 	 677 
989 	 678 
989 	 683 
989 	 690 
989 	 693 
989 	 696 
989 	 700 
989 	 705 
989 	 710 
989 	 714 
989 	 719 
989 	 724 
989 	 731 
988 	 452 
988 	 457 
988 	 517 
988 	 527 
988 	 536 
988 	 541 
988 	 546 
988 	 568 
988 	 577 
988 	 578 
988 	 583 
988 	 586 
988 	 604 
988 	 611 
988 	 612 
988 	 614 
988 	 619 
988 	 631 
988 	 632 
988 	 638 
988 	 640 
988 	 644 
988 	 648 
988 	 652 
988 	 657 
988 	 663 
988 	 670 
988 	 672 
988 	 674 
988 	 683 
988 	 688 
988 	 692 
988 	 700 
988 	 707 
988 	 719 
987 	 537 
987 	 548 
987 	 552 
987 	 561 
987 	 570 
987 	 571 
987 	 581 
987 	 583 
987 	 592 
987 	 594 
987 	 601 
987 	 602 
987 	 606 
987 	 619 
987 	 621 
987 	 623 
987 	 624 
987 	 626 
987 	 627 
987 	 635 
987 	 638 
987 	 639 
987 	 641 
987 	 652 
987 	 653 
987 	 657 
987 	 660 
987 	 662 
987 	 668 
987 	 670 
987 	 674 
987 	 680 
987 	 682 
987 	 687 
987 	 693 
987 	 697 
987 	 709 
987 	 727 
986 	 457 
986 	 525 
986 	 534 
986 	 540 
986 	 545 
986 	 560 
986 	 570 
986 	 573 
986 	 589 
986 	 590 
986 	 595 
986 	 623 
986 	 626 
986 	 630 
986 	 643 
986 	 650 
986 	 653 
986 	 654 
986 	 655 
986 	 664 
986 	 668 
986 	 670 
986 	 676 
986 	 678 
986 	 690 
986 	 696 
986 	 721 
986 	 727 
986 	 776 
985 	 437 
985 	 499 
985 	 500 
985 	 519 
985 	 524 
985 	 534 
985 	 559 
985 	 566 
985 	 567 
985 	 568 
985 	 573 
985 	 580 
985 	 588 
985 	 591 
985 	 593 
985 	 594 
985 	 596 
985 	 612 
985 	 621 
985 	 634 
985 	 635 
985 	 643 
985 	 646 
985 	 648 
985 	 656 
985 	 660 
985 	 661 
985 	 669 
985 	 680 
985 	 683 
985 	 684 
985 	 685 
985 	 691 
985 	 696 
985 	 699 
985 	 704 
985 	 708 
985 	 709 
985 	 711 
985 	 714 
985 	 719 
984 	 493 
984 	 504 
984 	 512 
984 	 513 
984 	 515 
984 	 533 
984 	 543 
984 	 552 
984 	 554 
984 	 565 
984 	 575 
984 	 578 
984 	 585 
984 	 594 
984 	 597 
984 	 607 
984 	 627 
984 	 630 
984 	 645 
984 	 647 
984 	 648 
984 	 649 
984 	 650 
984 	 651 
984 	 657 
984 	 658 
984 	 669 
984 	 670 
984 	 671 
984 	 676 
984 	 684 
984 	 685 
984 	 687 
984 	 693 
984 	 720 
984 	 800 
983 	 442 
983 	 519 
983 	 539 
983 	 545 
983 	 572 
983 	 573 
983 	 575 
983 	 593 
983 	 596 
983 	 602 
983 	 606 
983 	 608 
983 	 616 
983 	 622 
983 	 625 
983 	 626 
983 	 627 
983 	 631 
983 	 633 
983 	 637 
983 	 638 
983 	 640 
983 	 641 
983 	 650 
983 	 659 
983 	 667 
983 	 668 
983 	 669 
983 	 677 
983 	 680 
983 	 683 
983 	 687 
983 	 695 
983 	 699 
983 	 719 
983 	 723 
982 	 487 
982 	 504 
982 	 540 
982 	 544 
982 	 555 
982 	 556 
982 	 562 
982 	 574 
982 	 585 
982 	 589 
982 	 606 
982 	 611 
982 	 615 
982 	 620 
982 	 622 
982 	 627 
982 	 631 
982 	 639 
982 	 640 
982 	 651 
982 	 664 
982 	 682 
982 	 708 
981 	 476 
981 	 488 
981 	 495 
981 	 513 
981 	 523 
981 	 539 
981 	 560 
981 	 570 
981 	 574 
981 	 582 
981 	 586 
981 	 590 
981 	 597 
981 	 600 
981 	 608 
981 	 610 
981 	 612 
981 	 613 
981 	 615 
981 	 617 
981 	 624 
981 	 626 
981 	 627 
981 	 629 
981 	 630 
981 	 632 
981 	 637 
981 	 649 
981 	 652 
981 	 653 
981 	 654 
981 	 657 
981 	 666 
981 	 668 
981 	 669 
981 	 671 
981 	 675 
981 	 679 
981 	 687 
981 	 696 
981 	 704 
981 	 706 
981 	 719 
981 	 726 
981 	 754 
980 	 493 
980 	 498 
980 	 500 
980 	 502 
980 	 523 
980 	 533 
980 	 546 
980 	 562 
980 	 572 
980 	 576 
980 	 585 
980 	 586 
980 	 602 
980 	 615 
980 	 622 
980 	 629 
980 	 635 
980 	 636 
980 	 638 
980 	 643 
980 	 646 
980 	 651 
980 	 652 
980 	 656 
980 	 659 
980 	 672 
980 	 680 
980 	 688 
980 	 696 
980 	 710 
980 	 722 
979 	 413 
979 	 490 
979 	 508 
979 	 527 
979 	 533 
979 	 543 
979 	 553 
979 	 555 
979 	 563 
979 	 564 
979 	 571 
979 	 576 
979 	 588 
979 	 593 
979 	 594 
979 	 596 
979 	 607 
979 	 612 
979 	 614 
979 	 615 
979 	 622 
979 	 623 
979 	 624 
979 	 625 
979 	 626 
979 	 628 
979 	 637 
979 	 639 
979 	 644 
979 	 646 
979 	 647 
979 	 651 
979 	 660 
979 	 661 
979 	 665 
979 	 667 
979 	 678 
979 	 680 
979 	 687 
979 	 691 
979 	 693 
979 	 699 
979 	 742 
979 	 756 
978 	 364 
978 	 454 
978 	 475 
978 	 511 
978 	 517 
978 	 523 
978 	 535 
978 	 541 
978 	 544 
978 	 547 
978 	 554 
978 	 560 
978 	 561 
978 	 569 
978 	 573 
978 	 574 
978 	 575 
978 	 576 
978 	 577 
978 	 578 
978 	 582 
978 	 583 
978 	 584 
978 	 586 
978 	 593 
978 	 594 
978 	 598 
978 	 603 
978 	 607 
978 	 608 
978 	 610 
978 	 612 
978 	 613 
978 	 618 
978 	 627 
978 	 629 
978 	 630 
978 	 636 
978 	 640 
978 	 642 
978 	 645 
978 	 646 
978 	 649 
978 	 651 
978 	 657 
978 	 666 
978 	 676 
978 	 713 
978 	 727 
977 	 382 
977 	 413 
977 	 464 
977 	 475 
977 	 511 
977 	 527 
977 	 546 
977 	 547 
977 	 548 
977 	 561 
977 	 562 
977 	 567 
977 	 570 
977 	 573 
977 	 576 
977 	 581 
977 	 597 
977 	 598 
977 	 599 
977 	 606 
977 	 614 
977 	 620 
977 	 625 
977 	 627 
977 	 635 
977 	 641 
977 	 651 
977 	 655 
977 	 665 
977 	 677 
977 	 684 
977 	 691 
977 	 705 
976 	 439 
976 	 479 
976 	 513 
976 	 514 
976 	 523 
976 	 526 
976 	 531 
976 	 536 
976 	 540 
976 	 550 
976 	 554 
976 	 555 
976 	 558 
976 	 559 
976 	 562 
976 	 569 
976 	 579 
976 	 582 
976 	 590 
976 	 591 
976 	 597 
976 	 600 
976 	 604 
976 	 606 
976 	 609 
976 	 610 
976 	 623 
976 	 624 
976 	 632 
976 	 633 
976 	 634 
976 	 640 
976 	 641 
976 	 660 
976 	 661 
976 	 666 
976 	 737 
975 	 377 
975 	 423 
975 	 465 
975 	 468 
975 	 483 
975 	 520 
975 	 532 
975 	 545 
975 	 554 
975 	 557 
975 	 564 
975 	 568 
975 	 570 
975 	 576 
975 	 581 
975 	 584 
975 	 589 
975 	 597 
975 	 605 
975 	 615 
975 	 618 
975 	 622 
975 	 653 
975 	 656 
975 	 664 
975 	 668 
975 	 677 
974 	 472 
974 	 477 
974 	 486 
974 	 494 
974 	 501 
974 	 506 
974 	 544 
974 	 546 
974 	 548 
974 	 553 
974 	 556 
974 	 561 
974 	 577 
974 	 581 
974 	 587 
974 	 588 
974 	 592 
974 	 593 
974 	 594 
974 	 598 
974 	 601 
974 	 603 
974 	 606 
974 	 620 
974 	 625 
974 	 630 
974 	 632 
974 	 640 
974 	 641 
974 	 648 
974 	 650 
974 	 651 
974 	 654 
974 	 661 
974 	 662 
974 	 663 
974 	 676 
974 	 684 
974 	 688 
974 	 694 
974 	 698 
973 	 427 
973 	 428 
973 	 456 
973 	 473 
973 	 482 
973 	 494 
973 	 495 
973 	 499 
973 	 502 
973 	 523 
973 	 530 
973 	 536 
973 	 538 
973 	 540 
973 	 544 
973 	 546 
973 	 548 
973 	 563 
973 	 565 
973 	 568 
973 	 584 
973 	 588 
973 	 589 
973 	 591 
973 	 594 
973 	 600 
973 	 601 
973 	 602 
973 	 605 
973 	 606 
973 	 608 
973 	 611 
973 	 617 
973 	 621 
973 	 635 
973 	 636 
973 	 638 
973 	 655 
973 	 665 
973 	 666 
973 	 670 
973 	 672 
973 	 701 
972 	 435 
972 	 484 
972 	 489 
972 	 492 
972 	 499 
972 	 507 
972 	 518 
972 	 522 
972 	 533 
972 	 539 
972 	 540 
972 	 544 
972 	 550 
972 	 553 
972 	 554 
972 	 559 
972 	 572 
972 	 579 
972 	 581 
972 	 592 
972 	 593 
972 	 602 
972 	 605 
972 	 606 
972 	 607 
972 	 608 
972 	 612 
972 	 618 
972 	 624 
972 	 625 
972 	 627 
972 	 628 
972 	 631 
972 	 633 
972 	 634 
972 	 636 
972 	 637 
972 	 652 
972 	 690 
971 	 454 
971 	 474 
971 	 482 
971 	 483 
971 	 491 
971 	 495 
971 	 502 
971 	 520 
971 	 524 
971 	 540 
971 	 543 
971 	 545 
971 	 556 
971 	 566 
971 	 567 
971 	 568 
971 	 570 
971 	 571 
971 	 577 
971 	 581 
971 	 595 
971 	 599 
971 	 603 
971 	 605 
971 	 609 
971 	 613 
971 	 623 
971 	 631 
971 	 640 
971 	 641 
971 	 646 
970 	 421 
970 	 463 
970 	 488 
970 	 496 
970 	 504 
970 	 511 
970 	 521 
970 	 551 
970 	 557 
970 	 560 
970 	 567 
970 	 570 
970 	 571 
970 	 573 
970 	 575 
970 	 581 
970 	 586 
970 	 587 
970 	 589 
970 	 592 
970 	 596 
970 	 597 
970 	 599 
970 	 602 
970 	 610 
970 	 613 
970 	 618 
970 	 619 
970 	 620 
970 	 621 
970 	 624 
970 	 627 
970 	 631 
970 	 636 
970 	 638 
970 	 639 
970 	 640 
970 	 642 
970 	 644 
970 	 646 
970 	 649 
970 	 668 
970 	 677 
970 	 678 
970 	 683 
969 	 433 
969 	 462 
969 	 472 
969 	 478 
969 	 492 
969 	 493 
969 	 495 
969 	 502 
969 	 509 
969 	 516 
969 	 517 
969 	 519 
969 	 527 
969 	 528 
969 	 533 
969 	 538 
969 	 541 
969 	 544 
969 	 551 
969 	 553 
969 	 563 
969 	 566 
969 	 569 
969 	 570 
969 	 571 
969 	 574 
969 	 575 
969 	 576 
969 	 580 
969 	 595 
969 	 598 
969 	 600 
969 	 603 
969 	 604 
969 	 605 
969 	 618 
969 	 625 
969 	 629 
969 	 630 
969 	 631 
969 	 632 
969 	 635 
969 	 636 
969 	 642 
969 	 643 
969 	 644 
969 	 654 
969 	 757 
968 	 345 
968 	 426 
968 	 428 
968 	 485 
968 	 488 
968 	 500 
968 	 501 
968 	 505 
968 	 506 
968 	 522 
968 	 528 
968 	 530 
968 	 536 
968 	 540 
968 	 542 
968 	 549 
968 	 551 
968 	 560 
968 	 561 
968 	 571 
968 	 577 
968 	 589 
968 	 592 
968 	 596 
968 	 599 
968 	 604 
968 	 607 
968 	 611 
968 	 627 
968 	 629 
968 	 635 
968 	 649 
968 	 665 
968 	 666 
968 	 675 
968 	 694 
967 	 443 
967 	 466 
967 	 469 
967 	 508 
967 	 512 
967 	 517 
967 	 519 
967 	 525 
967 	 528 
967 	 529 
967 	 531 
967 	 532 
967 	 549 
967 	 551 
967 	 552 
967 	 553 
967 	 556 
967 	 558 
967 	 559 
967 	 560 
967 	 563 
967 	 564 
967 	 567 
967 	 569 
967 	 572 
967 	 576 
967 	 583 
967 	 585 
967 	 593 
967 	 596 
967 	 600 
967 	 603 
967 	 606 
967 	 613 
967 	 616 
967 	 627 
967 	 628 
967 	 630 
967 	 631 
967 	 634 
967 	 635 
967 	 636 
967 	 640 
967 	 646 
967 	 648 
967 	 652 
967 	 675 
966 	 447 
966 	 458 
966 	 468 
966 	 481 
966 	 484 
966 	 488 
966 	 494 
966 	 496 
966 	 500 
966 	 504 
966 	 509 
966 	 511 
966 	 514 
966 	 515 
966 	 516 
966 	 522 
966 	 527 
966 	 530 
966 	 547 
966 	 555 
966 	 558 
966 	 567 
966 	 571 
966 	 578 
966 	 583 
966 	 584 
966 	 585 
966 	 587 
966 	 588 
966 	 593 
966 	 598 
966 	 621 
966 	 622 
966 	 633 
966 	 652 
966 	 699 
965 	 274 
965 	 408 
965 	 432 
965 	 446 
965 	 448 
965 	 474 
965 	 487 
965 	 510 
965 	 511 
965 	 515 
965 	 520 
965 	 557 
965 	 563 
965 	 568 
965 	 570 
965 	 573 
965 	 581 
965 	 582 
965 	 583 
965 	 584 
965 	 588 
965 	 589 
965 	 590 
965 	 595 
965 	 603 
965 	 604 
965 	 606 
965 	 608 
965 	 614 
965 	 615 
965 	 616 
965 	 622 
965 	 628 
965 	 629 
965 	 681 
965 	 691 
965 	 714 
964 	 386 
964 	 438 
964 	 450 
964 	 455 
964 	 475 
964 	 479 
964 	 489 
964 	 495 
964 	 501 
964 	 504 
964 	 505 
964 	 506 
964 	 512 
964 	 513 
964 	 518 
964 	 519 
964 	 522 
964 	 529 
964 	 535 
964 	 536 
964 	 539 
964 	 540 
964 	 543 
964 	 545 
964 	 547 
964 	 550 
964 	 551 
964 	 552 
964 	 558 
964 	 565 
964 	 566 
964 	 567 
964 	 568 
964 	 574 
964 	 576 
964 	 580 
964 	 581 
964 	 587 
964 	 600 
964 	 604 
964 	 605 
964 	 606 
964 	 611 
964 	 614 
964 	 616 
964 	 628 
964 	 632 
964 	 651 
964 	 654 
964 	 656 
964 	 662 
964 	 674 
964 	 680 
964 	 683 
964 	 692 
964 	 697 
963 	 422 
963 	 429 
963 	 446 
963 	 448 
963 	 479 
963 	 484 
963 	 488 
963 	 489 
963 	 493 
963 	 513 
963 	 514 
963 	 523 
963 	 526 
963 	 534 
963 	 542 
963 	 549 
963 	 550 
963 	 561 
963 	 563 
963 	 570 
963 	 573 
963 	 574 
963 	 576 
963 	 577 
963 	 593 
963 	 594 
963 	 595 
963 	 598 
963 	 599 
963 	 601 
963 	 605 
963 	 611 
963 	 612 
963 	 621 
963 	 633 
963 	 634 
963 	 636 
963 	 637 
963 	 670 
963 	 696 
963 	 734 
962 	 450 
962 	 462 
962 	 468 
962 	 470 
962 	 471 
962 	 484 
962 	 490 
962 	 503 
962 	 506 
962 	 508 
962 	 511 
962 	 515 
962 	 519 
962 	 523 
962 	 528 
962 	 535 
962 	 537 
962 	 545 
962 	 549 
962 	 552 
962 	 555 
962 	 556 
962 	 558 
962 	 569 
962 	 573 
962 	 578 
962 	 590 
962 	 593 
962 	 594 
962 	 604 
962 	 607 
962 	 617 
962 	 621 
962 	 628 
962 	 631 
962 	 637 
962 	 656 
962 	 703 
961 	 409 
961 	 433 
961 	 440 
961 	 453 
961 	 466 
961 	 473 
961 	 485 
961 	 489 
961 	 490 
961 	 492 
961 	 502 
961 	 506 
961 	 508 
961 	 517 
961 	 518 
961 	 521 
961 	 524 
961 	 525 
961 	 526 
961 	 531 
961 	 532 
961 	 533 
961 	 535 
961 	 540 
961 	 545 
961 	 546 
961 	 552 
961 	 555 
961 	 556 
961 	 558 
961 	 560 
961 	 574 
961 	 583 
961 	 584 
961 	 589 
961 	 596 
961 	 602 
961 	 605 
961 	 619 
961 	 624 
961 	 627 
961 	 631 
961 	 633 
961 	 636 
961 	 642 
961 	 646 
961 	 650 
961 	 656 
960 	 385 
960 	 432 
960 	 450 
960 	 453 
960 	 456 
960 	 467 
960 	 472 
960 	 477 
960 	 494 
960 	 496 
960 	 501 
960 	 512 
960 	 515 
960 	 518 
960 	 525 
960 	 528 
960 	 534 
960 	 538 
960 	 540 
960 	 544 
960 	 545 
960 	 559 
960 	 560 
960 	 562 
960 	 564 
960 	 567 
960 	 570 
960 	 574 
960 	 576 
960 	 584 
960 	 585 
960 	 600 
960 	 613 
960 	 615 
960 	 616 
960 	 620 
960 	 622 
960 	 635 
960 	 636 
960 	 659 
960 	 676 
959 	 82 
959 	 410 
959 	 417 
959 	 420 
959 	 428 
959 	 455 
959 	 456 
959 	 459 
959 	 460 
959 	 463 
959 	 468 
959 	 470 
959 	 474 
959 	 477 
959 	 489 
959 	 493 
959 	 495 
959 	 499 
959 	 502 
959 	 506 
959 	 516 
959 	 517 
959 	 526 
959 	 527 
959 	 529 
959 	 541 
959 	 546 
959 	 550 
959 	 553 
959 	 556 
959 	 558 
959 	 559 
959 	 562 
959 	 569 
959 	 570 
959 	 575 
959 	 580 
959 	 584 
959 	 587 
959 	 598 
959 	 600 
959 	 611 
959 	 619 
958 	 371 
958 	 378 
958 	 432 
958 	 437 
958 	 442 
958 	 447 
958 	 450 
958 	 477 
958 	 481 
958 	 486 
958 	 493 
958 	 495 
958 	 500 
958 	 504 
958 	 515 
958 	 517 
958 	 528 
958 	 533 
958 	 542 
958 	 544 
958 	 547 
958 	 549 
958 	 556 
958 	 557 
958 	 583 
958 	 584 
958 	 597 
958 	 599 
958 	 600 
958 	 602 
958 	 608 
958 	 612 
958 	 614 
958 	 618 
958 	 670 
958 	 689 
957 	 360 
957 	 422 
957 	 434 
957 	 454 
957 	 458 
957 	 467 
957 	 470 
957 	 472 
957 	 477 
957 	 479 
957 	 480 
957 	 481 
957 	 496 
957 	 498 
957 	 504 
957 	 506 
957 	 509 
957 	 510 
957 	 518 
957 	 521 
957 	 526 
957 	 531 
957 	 540 
957 	 551 
957 	 553 
957 	 556 
957 	 562 
957 	 567 
957 	 575 
957 	 586 
957 	 590 
957 	 592 
957 	 593 
957 	 595 
957 	 603 
957 	 606 
957 	 608 
957 	 612 
957 	 621 
957 	 628 
956 	 404 
956 	 429 
956 	 439 
956 	 441 
956 	 455 
956 	 462 
956 	 466 
956 	 470 
956 	 472 
956 	 477 
956 	 484 
956 	 488 
956 	 493 
956 	 503 
956 	 518 
956 	 524 
956 	 526 
956 	 527 
956 	 528 
956 	 531 
956 	 538 
956 	 544 
956 	 548 
956 	 550 
956 	 561 
956 	 566 
956 	 569 
956 	 577 
956 	 579 
956 	 580 
956 	 587 
956 	 591 
956 	 598 
956 	 617 
956 	 624 
955 	 418 
955 	 432 
955 	 456 
955 	 467 
955 	 470 
955 	 471 
955 	 472 
955 	 475 
955 	 476 
955 	 490 
955 	 494 
955 	 496 
955 	 498 
955 	 502 
955 	 510 
955 	 511 
955 	 514 
955 	 517 
955 	 519 
955 	 527 
955 	 528 
955 	 538 
955 	 540 
955 	 549 
955 	 555 
955 	 558 
955 	 559 
955 	 562 
955 	 565 
955 	 575 
955 	 576 
955 	 597 
955 	 606 
955 	 608 
955 	 612 
955 	 616 
955 	 619 
955 	 632 
955 	 648 
954 	 400 
954 	 448 
954 	 452 
954 	 454 
954 	 480 
954 	 481 
954 	 482 
954 	 483 
954 	 487 
954 	 520 
954 	 524 
954 	 529 
954 	 530 
954 	 531 
954 	 532 
954 	 535 
954 	 537 
954 	 538 
954 	 544 
954 	 546 
954 	 550 
954 	 553 
954 	 554 
954 	 555 
954 	 557 
954 	 558 
954 	 564 
954 	 573 
954 	 581 
954 	 582 
954 	 589 
954 	 598 
954 	 601 
954 	 606 
954 	 609 
954 	 611 
954 	 612 
954 	 627 
954 	 630 
954 	 633 
953 	 402 
953 	 473 
953 	 474 
953 	 475 
953 	 476 
953 	 484 
953 	 486 
953 	 494 
953 	 519 
953 	 522 
953 	 523 
953 	 525 
953 	 529 
953 	 531 
953 	 533 
953 	 537 
953 	 539 
953 	 540 
953 	 544 
953 	 547 
953 	 548 
953 	 550 
953 	 551 
953 	 554 
953 	 561 
953 	 565 
953 	 569 
953 	 571 
953 	 572 
953 	 577 
953 	 582 
953 	 590 
953 	 601 
953 	 615 
953 	 623 
952 	 403 
952 	 423 
952 	 439 
952 	 445 
952 	 447 
952 	 451 
952 	 463 
952 	 464 
952 	 466 
952 	 470 
952 	 477 
952 	 482 
952 	 489 
952 	 497 
952 	 499 
952 	 503 
952 	 511 
952 	 513 
952 	 527 
952 	 530 
952 	 539 
952 	 548 
952 	 550 
952 	 551 
952 	 556 
952 	 557 
952 	 558 
952 	 559 
952 	 570 
952 	 572 
952 	 573 
952 	 589 
952 	 591 
952 	 597 
952 	 619 
952 	 624 
952 	 634 
952 	 638 
952 	 662 
952 	 720 
951 	 368 
951 	 370 
951 	 414 
951 	 415 
951 	 420 
951 	 423 
951 	 426 
951 	 427 
951 	 430 
951 	 432 
951 	 436 
951 	 439 
951 	 442 
951 	 446 
951 	 451 
951 	 458 
951 	 462 
951 	 465 
951 	 466 
951 	 479 
951 	 482 
951 	 490 
951 	 491 
951 	 499 
951 	 502 
951 	 507 
951 	 518 
951 	 521 
951 	 522 
951 	 524 
951 	 526 
951 	 527 
951 	 528 
951 	 530 
951 	 537 
951 	 541 
951 	 545 
951 	 565 
951 	 572 
951 	 578 
951 	 588 
951 	 592 
951 	 597 
951 	 602 
951 	 604 
951 	 605 
950 	 364 
950 	 379 
950 	 406 
950 	 407 
950 	 422 
950 	 424 
950 	 434 
950 	 449 
950 	 452 
950 	 462 
950 	 466 
950 	 475 
950 	 476 
950 	 486 
950 	 488 
950 	 495 
950 	 497 
950 	 499 
950 	 505 
950 	 518 
950 	 519 
950 	 523 
950 	 530 
950 	 533 
950 	 551 
950 	 555 
950 	 558 
950 	 578 
950 	 580 
950 	 586 
950 	 593 
950 	 597 
950 	 615 
950 	 621 
950 	 638 
949 	 426 
949 	 435 
949 	 443 
949 	 451 
949 	 456 
949 	 463 
949 	 468 
949 	 471 
949 	 477 
949 	 497 
949 	 499 
949 	 503 
949 	 506 
949 	 507 
949 	 508 
949 	 514 
949 	 523 
949 	 525 
949 	 528 
949 	 539 
949 	 542 
949 	 548 
949 	 550 
949 	 551 
949 	 553 
949 	 554 
949 	 565 
949 	 567 
949 	 571 
949 	 590 
949 	 613 
948 	 391 
948 	 413 
948 	 415 
948 	 419 
948 	 420 
948 	 432 
948 	 442 
948 	 449 
948 	 454 
948 	 460 
948 	 462 
948 	 469 
948 	 475 
948 	 480 
948 	 485 
948 	 491 
948 	 492 
948 	 493 
948 	 497 
948 	 503 
948 	 516 
948 	 525 
948 	 530 
948 	 531 
948 	 533 
948 	 536 
948 	 537 
948 	 539 
948 	 540 
948 	 542 
948 	 544 
948 	 545 
948 	 546 
948 	 551 
948 	 562 
948 	 564 
948 	 573 
948 	 574 
948 	 577 
948 	 579 
948 	 596 
948 	 607 
948 	 614 
948 	 615 
948 	 648 
947 	 398 
947 	 417 
947 	 424 
947 	 429 
947 	 430 
947 	 435 
947 	 440 
947 	 442 
947 	 448 
947 	 449 
947 	 450 
947 	 457 
947 	 458 
947 	 459 
947 	 462 
947 	 465 
947 	 467 
947 	 468 
947 	 473 
947 	 478 
947 	 482 
947 	 488 
947 	 499 
947 	 505 
947 	 509 
947 	 513 
947 	 514 
947 	 515 
947 	 523 
947 	 534 
947 	 540 
947 	 546 
947 	 551 
947 	 555 
947 	 558 
947 	 559 
947 	 570 
947 	 573 
947 	 582 
947 	 583 
947 	 604 
947 	 608 
946 	 216 
946 	 389 
946 	 400 
946 	 403 
946 	 406 
946 	 427 
946 	 438 
946 	 447 
946 	 449 
946 	 451 
946 	 458 
946 	 463 
946 	 471 
946 	 473 
946 	 475 
946 	 478 
946 	 485 
946 	 488 
946 	 490 
946 	 491 
946 	 492 
946 	 494 
946 	 497 
946 	 508 
946 	 513 
946 	 515 
946 	 518 
946 	 521 
946 	 527 
946 	 529 
946 	 532 
946 	 534 
946 	 536 
946 	 539 
946 	 562 
946 	 569 
946 	 577 
946 	 597 
945 	 358 
945 	 363 
945 	 393 
945 	 401 
945 	 413 
945 	 426 
945 	 430 
945 	 443 
945 	 453 
945 	 454 
945 	 458 
945 	 461 
945 	 462 
945 	 463 
945 	 465 
945 	 468 
945 	 471 
945 	 474 
945 	 476 
945 	 484 
945 	 488 
945 	 508 
945 	 509 
945 	 511 
945 	 514 
945 	 515 
945 	 520 
945 	 523 
945 	 539 
945 	 540 
945 	 545 
945 	 558 
945 	 559 
945 	 567 
945 	 568 
945 	 571 
945 	 575 
945 	 585 
945 	 594 
944 	 402 
944 	 412 
944 	 425 
944 	 426 
944 	 428 
944 	 439 
944 	 440 
944 	 445 
944 	 453 
944 	 461 
944 	 469 
944 	 471 
944 	 475 
944 	 481 
944 	 487 
944 	 491 
944 	 493 
944 	 494 
944 	 495 
944 	 500 
944 	 502 
944 	 506 
944 	 510 
944 	 511 
944 	 517 
944 	 524 
944 	 533 
944 	 537 
944 	 543 
944 	 563 
944 	 573 
944 	 575 
944 	 593 
944 	 596 
944 	 613 
944 	 619 
944 	 651 
943 	 316 
943 	 378 
943 	 387 
943 	 423 
943 	 425 
943 	 432 
943 	 435 
943 	 437 
943 	 449 
943 	 450 
943 	 453 
943 	 457 
943 	 458 
943 	 459 
943 	 468 
943 	 483 
943 	 485 
943 	 489 
943 	 494 
943 	 496 
943 	 497 
943 	 505 
943 	 510 
943 	 519 
943 	 528 
943 	 530 
943 	 533 
943 	 535 
943 	 537 
943 	 543 
943 	 550 
943 	 551 
943 	 557 
943 	 569 
943 	 582 
943 	 583 
943 	 606 
943 	 614 
942 	 373 
942 	 390 
942 	 420 
942 	 441 
942 	 454 
942 	 460 
942 	 470 
942 	 473 
942 	 478 
942 	 488 
942 	 489 
942 	 490 
942 	 495 
942 	 499 
942 	 503 
942 	 504 
942 	 513 
942 	 514 
942 	 515 
942 	 519 
942 	 536 
942 	 543 
942 	 549 
942 	 551 
942 	 552 
942 	 556 
942 	 558 
942 	 564 
942 	 579 
942 	 584 
941 	 363 
941 	 415 
941 	 427 
941 	 434 
941 	 440 
941 	 443 
941 	 447 
941 	 452 
941 	 455 
941 	 456 
941 	 458 
941 	 469 
941 	 470 
941 	 474 
941 	 475 
941 	 476 
941 	 477 
941 	 480 
941 	 484 
941 	 487 
941 	 490 
941 	 492 
941 	 496 
941 	 500 
941 	 501 
941 	 502 
941 	 503 
941 	 505 
941 	 518 
941 	 521 
941 	 524 
941 	 526 
941 	 529 
941 	 532 
941 	 537 
941 	 541 
941 	 542 
941 	 554 
941 	 562 
941 	 565 
941 	 568 
941 	 580 
941 	 587 
941 	 590 
941 	 596 
941 	 602 
940 	 294 
940 	 295 
940 	 353 
940 	 365 
940 	 394 
940 	 400 
940 	 413 
940 	 420 
940 	 421 
940 	 439 
940 	 441 
940 	 444 
940 	 453 
940 	 454 
940 	 461 
940 	 462 
940 	 463 
940 	 468 
940 	 477 
940 	 485 
940 	 494 
940 	 500 
940 	 501 
940 	 506 
940 	 510 
940 	 511 
940 	 514 
940 	 515 
940 	 527 
940 	 529 
940 	 536 
940 	 546 
940 	 550 
940 	 555 
940 	 558 
940 	 572 
940 	 574 
940 	 575 
940 	 586 
940 	 587 
940 	 596 
940 	 610 
939 	 402 
939 	 404 
939 	 406 
939 	 415 
939 	 417 
939 	 419 
939 	 421 
939 	 422 
939 	 423 
939 	 435 
939 	 441 
939 	 442 
939 	 450 
939 	 455 
939 	 457 
939 	 462 
939 	 463 
939 	 469 
939 	 470 
939 	 472 
939 	 473 
939 	 478 
939 	 482 
939 	 483 
939 	 485 
939 	 494 
939 	 495 
939 	 503 
939 	 504 
939 	 507 
939 	 515 
939 	 519 
939 	 520 
939 	 526 
939 	 528 
939 	 529 
939 	 531 
939 	 532 
939 	 538 
939 	 539 
939 	 541 
939 	 549 
939 	 552 
939 	 554 
939 	 561 
939 	 570 
939 	 584 
939 	 590 
939 	 595 
939 	 610 
938 	 355 
938 	 357 
938 	 400 
938 	 405 
938 	 416 
938 	 422 
938 	 425 
938 	 436 
938 	 438 
938 	 446 
938 	 453 
938 	 458 
938 	 459 
938 	 461 
938 	 468 
938 	 469 
938 	 471 
938 	 472 
938 	 475 
938 	 477 
938 	 480 
938 	 483 
938 	 485 
938 	 489 
938 	 496 
938 	 501 
938 	 503 
938 	 515 
938 	 524 
938 	 528 
938 	 530 
938 	 536 
938 	 543 
938 	 553 
938 	 557 
938 	 558 
938 	 559 
938 	 578 
938 	 591 
938 	 593 
937 	 329 
937 	 401 
937 	 413 
937 	 420 
937 	 430 
937 	 444 
937 	 448 
937 	 450 
937 	 455 
937 	 456 
937 	 463 
937 	 464 
937 	 474 
937 	 478 
937 	 483 
937 	 487 
937 	 488 
937 	 492 
937 	 499 
937 	 501 
937 	 502 
937 	 508 
937 	 511 
937 	 524 
937 	 526 
937 	 533 
937 	 540 
937 	 543 
937 	 549 
937 	 552 
937 	 597 
936 	 102 
936 	 261 
936 	 389 
936 	 419 
936 	 422 
936 	 429 
936 	 430 
936 	 431 
936 	 438 
936 	 449 
936 	 450 
936 	 451 
936 	 454 
936 	 455 
936 	 461 
936 	 465 
936 	 467 
936 	 468 
936 	 471 
936 	 476 
936 	 477 
936 	 481 
936 	 482 
936 	 484 
936 	 486 
936 	 491 
936 	 501 
936 	 507 
936 	 522 
936 	 523 
936 	 528 
936 	 532 
936 	 533 
936 	 549 
936 	 560 
936 	 563 
936 	 564 
936 	 589 
936 	 660 
935 	 415 
935 	 419 
935 	 420 
935 	 427 
935 	 431 
935 	 432 
935 	 434 
935 	 439 
935 	 441 
935 	 444 
935 	 447 
935 	 462 
935 	 472 
935 	 481 
935 	 485 
935 	 487 
935 	 491 
935 	 492 
935 	 495 
935 	 498 
935 	 509 
935 	 510 
935 	 515 
935 	 530 
935 	 531 
935 	 536 
935 	 543 
935 	 546 
935 	 549 
935 	 550 
935 	 564 
935 	 584 
934 	 343 
934 	 376 
934 	 400 
934 	 414 
934 	 421 
934 	 423 
934 	 443 
934 	 445 
934 	 449 
934 	 454 
934 	 458 
934 	 464 
934 	 465 
934 	 467 
934 	 471 
934 	 472 
934 	 474 
934 	 479 
934 	 483 
934 	 485 
934 	 489 
934 	 490 
934 	 497 
934 	 505 
934 	 510 
934 	 515 
934 	 516 
934 	 517 
934 	 520 
934 	 525 
934 	 531 
934 	 534 
934 	 535 
934 	 557 
934 	 558 
934 	 560 
934 	 571 
934 	 575 
934 	 604 
933 	 377 
933 	 392 
933 	 393 
933 	 408 
933 	 409 
933 	 416 
933 	 419 
933 	 420 
933 	 425 
933 	 428 
933 	 435 
933 	 438 
933 	 445 
933 	 448 
933 	 449 
933 	 454 
933 	 455 
933 	 460 
933 	 466 
933 	 473 
933 	 474 
933 	 475 
933 	 481 
933 	 495 
933 	 507 
933 	 517 
933 	 519 
933 	 520 
933 	 529 
933 	 545 
933 	 546 
933 	 553 
933 	 574 
933 	 600 
933 	 606 
932 	 299 
932 	 346 
932 	 352 
932 	 359 
932 	 373 
932 	 379 
932 	 393 
932 	 395 
932 	 403 
932 	 414 
932 	 419 
932 	 422 
932 	 423 
932 	 443 
932 	 450 
932 	 451 
932 	 456 
932 	 457 
932 	 460 
932 	 461 
932 	 466 
932 	 468 
932 	 476 
932 	 478 
932 	 481 
932 	 486 
932 	 488 
932 	 491 
932 	 494 
932 	 497 
932 	 504 
932 	 507 
932 	 509 
932 	 518 
932 	 519 
932 	 524 
932 	 526 
932 	 529 
932 	 532 
932 	 534 
931 	 393 
931 	 397 
931 	 416 
931 	 420 
931 	 422 
931 	 424 
931 	 430 
931 	 431 
931 	 434 
931 	 435 
931 	 436 
931 	 439 
931 	 440 
931 	 442 
931 	 444 
931 	 445 
931 	 447 
931 	 454 
931 	 455 
931 	 459 
931 	 462 
931 	 467 
931 	 469 
931 	 472 
931 	 479 
931 	 482 
931 	 485 
931 	 491 
931 	 495 
931 	 498 
931 	 500 
931 	 509 
931 	 511 
931 	 512 
931 	 523 
931 	 524 
931 	 526 
931 	 529 
931 	 535 
931 	 541 
931 	 557 
931 	 562 
931 	 574 
930 	 351 
930 	 374 
930 	 399 
930 	 408 
930 	 409 
930 	 422 
930 	 423 
930 	 429 
930 	 436 
930 	 443 
930 	 457 
930 	 461 
930 	 463 
930 	 464 
930 	 476 
930 	 492 
930 	 494 
930 	 495 
930 	 508 
930 	 510 
930 	 517 
930 	 524 
930 	 527 
930 	 531 
930 	 537 
930 	 587 
929 	 394 
929 	 415 
929 	 417 
929 	 419 
929 	 421 
929 	 422 
929 	 429 
929 	 430 
929 	 436 
929 	 447 
929 	 448 
929 	 449 
929 	 455 
929 	 460 
929 	 463 
929 	 464 
929 	 468 
929 	 469 
929 	 472 
929 	 475 
929 	 477 
929 	 479 
929 	 481 
929 	 486 
929 	 487 
929 	 489 
929 	 508 
929 	 512 
929 	 513 
929 	 516 
929 	 525 
929 	 529 
929 	 531 
929 	 532 
929 	 533 
929 	 534 
929 	 547 
929 	 571 
928 	 302 
928 	 359 
928 	 372 
928 	 390 
928 	 395 
928 	 411 
928 	 416 
928 	 418 
928 	 420 
928 	 423 
928 	 431 
928 	 436 
928 	 438 
928 	 447 
928 	 450 
928 	 451 
928 	 452 
928 	 453 
928 	 459 
928 	 464 
928 	 468 
928 	 471 
928 	 479 
928 	 482 
928 	 485 
928 	 486 
928 	 487 
928 	 490 
928 	 493 
928 	 565 
928 	 580 
927 	 362 
927 	 373 
927 	 385 
927 	 388 
927 	 389 
927 	 397 
927 	 411 
927 	 418 
927 	 425 
927 	 441 
927 	 443 
927 	 446 
927 	 456 
927 	 461 
927 	 467 
927 	 482 
927 	 486 
927 	 490 
927 	 492 
927 	 494 
927 	 510 
927 	 520 
927 	 526 
927 	 530 
927 	 546 
927 	 552 
927 	 575 
926 	 323 
926 	 331 
926 	 363 
926 	 393 
926 	 394 
926 	 398 
926 	 400 
926 	 405 
926 	 415 
926 	 420 
926 	 422 
926 	 425 
926 	 431 
926 	 434 
926 	 437 
926 	 439 
926 	 441 
926 	 446 
926 	 448 
926 	 454 
926 	 461 
926 	 462 
926 	 477 
926 	 478 
926 	 480 
926 	 481 
926 	 483 
926 	 485 
926 	 487 
926 	 492 
926 	 494 
926 	 495 
926 	 497 
926 	 500 
926 	 505 
926 	 507 
926 	 508 
926 	 511 
926 	 515 
926 	 516 
926 	 523 
926 	 524 
926 	 530 
926 	 534 
926 	 539 
926 	 545 
926 	 548 
926 	 550 
926 	 554 
926 	 568 
925 	 376 
925 	 398 
925 	 401 
925 	 403 
925 	 404 
925 	 418 
925 	 423 
925 	 424 
925 	 436 
925 	 437 
925 	 442 
925 	 444 
925 	 446 
925 	 447 
925 	 449 
925 	 453 
925 	 455 
925 	 458 
925 	 459 
925 	 462 
925 	 465 
925 	 467 
925 	 470 
925 	 471 
925 	 473 
925 	 475 
925 	 476 
925 	 479 
925 	 481 
925 	 485 
925 	 487 
925 	 488 
925 	 490 
925 	 491 
925 	 499 
925 	 504 
925 	 505 
925 	 508 
925 	 517 
925 	 530 
925 	 553 
925 	 597 
925 	 604 
924 	 361 
924 	 370 
924 	 414 
924 	 420 
924 	 422 
924 	 425 
924 	 432 
924 	 438 
924 	 442 
924 	 444 
924 	 446 
924 	 449 
924 	 453 
924 	 455 
924 	 466 
924 	 468 
924 	 474 
924 	 479 
924 	 480 
924 	 497 
924 	 505 
924 	 515 
924 	 519 
924 	 524 
924 	 526 
923 	 92 
923 	 341 
923 	 391 
923 	 398 
923 	 399 
923 	 412 
923 	 416 
923 	 426 
923 	 427 
923 	 430 
923 	 435 
923 	 436 
923 	 442 
923 	 448 
923 	 449 
923 	 454 
923 	 458 
923 	 462 
923 	 464 
923 	 466 
923 	 468 
923 	 472 
923 	 479 
923 	 486 
923 	 488 
923 	 492 
923 	 496 
923 	 497 
923 	 508 
923 	 509 
923 	 510 
923 	 513 
923 	 514 
923 	 557 
923 	 565 
922 	 330 
922 	 342 
922 	 352 
922 	 353 
922 	 360 
922 	 373 
922 	 377 
922 	 379 
922 	 380 
922 	 405 
922 	 413 
922 	 415 
922 	 416 
922 	 420 
922 	 421 
922 	 426 
922 	 427 
922 	 432 
922 	 436 
922 	 438 
922 	 462 
922 	 463 
922 	 464 
922 	 465 
922 	 467 
922 	 469 
922 	 471 
922 	 480 
922 	 489 
922 	 491 
922 	 495 
922 	 517 
922 	 533 
922 	 546 
921 	 380 
921 	 391 
921 	 392 
921 	 395 
921 	 406 
921 	 409 
921 	 410 
921 	 412 
921 	 413 
921 	 417 
921 	 418 
921 	 424 
921 	 432 
921 	 436 
921 	 440 
921 	 444 
921 	 445 
921 	 446 
921 	 447 
921 	 450 
921 	 453 
921 	 458 
921 	 460 
921 	 461 
921 	 462 
921 	 465 
921 	 466 
921 	 467 
921 	 478 
921 	 490 
921 	 491 
921 	 494 
921 	 508 
921 	 510 
921 	 516 
921 	 534 
920 	 352 
920 	 357 
920 	 376 
920 	 377 
920 	 379 
920 	 381 
920 	 388 
920 	 396 
920 	 404 
920 	 405 
920 	 413 
920 	 416 
920 	 426 
920 	 429 
920 	 430 
920 	 440 
920 	 445 
920 	 448 
920 	 451 
920 	 454 
920 	 462 
920 	 472 
920 	 484 
920 	 485 
920 	 486 
920 	 497 
920 	 500 
920 	 521 
920 	 522 
920 	 529 
920 	 535 
920 	 560 
920 	 598 
919 	 324 
919 	 366 
919 	 369 
919 	 382 
919 	 397 
919 	 405 
919 	 413 
919 	 424 
919 	 425 
919 	 430 
919 	 438 
919 	 440 
919 	 441 
919 	 449 
919 	 451 
919 	 461 
919 	 462 
919 	 464 
919 	 465 
919 	 467 
919 	 469 
919 	 471 
919 	 474 
919 	 478 
919 	 482 
919 	 483 
919 	 496 
919 	 509 
918 	 279 
918 	 321 
918 	 378 
918 	 395 
918 	 398 
918 	 406 
918 	 412 
918 	 413 
918 	 416 
918 	 417 
918 	 428 
918 	 434 
918 	 437 
918 	 438 
918 	 440 
918 	 442 
918 	 443 
918 	 446 
918 	 448 
918 	 450 
918 	 452 
918 	 454 
918 	 463 
918 	 464 
918 	 465 
918 	 469 
918 	 473 
918 	 475 
918 	 478 
918 	 481 
918 	 494 
918 	 508 
918 	 525 
918 	 527 
918 	 554 
917 	 362 
917 	 386 
917 	 391 
917 	 393 
917 	 396 
917 	 399 
917 	 413 
917 	 428 
917 	 434 
917 	 435 
917 	 436 
917 	 438 
917 	 440 
917 	 445 
917 	 450 
917 	 451 
917 	 452 
917 	 455 
917 	 458 
917 	 461 
917 	 462 
917 	 468 
917 	 473 
917 	 478 
917 	 488 
917 	 493 
917 	 498 
917 	 500 
917 	 502 
917 	 515 
917 	 548 
916 	 300 
916 	 345 
916 	 376 
916 	 396 
916 	 399 
916 	 402 
916 	 415 
916 	 416 
916 	 418 
916 	 419 
916 	 420 
916 	 429 
916 	 430 
916 	 437 
916 	 438 
916 	 441 
916 	 444 
916 	 451 
916 	 461 
916 	 471 
916 	 482 
916 	 485 
916 	 487 
916 	 492 
916 	 493 
916 	 495 
916 	 498 
916 	 500 
916 	 504 
916 	 507 
916 	 513 
916 	 517 
916 	 578 
915 	 285 
915 	 358 
915 	 367 
915 	 396 
915 	 405 
915 	 411 
915 	 417 
915 	 418 
915 	 419 
915 	 422 
915 	 425 
915 	 426 
915 	 428 
915 	 441 
915 	 442 
915 	 450 
915 	 455 
915 	 457 
915 	 462 
915 	 465 
915 	 466 
915 	 472 
915 	 475 
915 	 478 
915 	 483 
915 	 484 
915 	 497 
915 	 503 
915 	 547 
915 	 588 
914 	 284 
914 	 344 
914 	 351 
914 	 393 
914 	 394 
914 	 400 
914 	 403 
914 	 409 
914 	 411 
914 	 412 
914 	 419 
914 	 421 
914 	 427 
914 	 428 
914 	 432 
914 	 436 
914 	 444 
914 	 446 
914 	 450 
914 	 455 
914 	 459 
914 	 461 
914 	 468 
914 	 471 
914 	 475 
914 	 491 
914 	 493 
914 	 495 
914 	 505 
913 	 277 
913 	 370 
913 	 371 
913 	 376 
913 	 378 
913 	 384 
913 	 391 
913 	 402 
913 	 407 
913 	 408 
913 	 415 
913 	 423 
913 	 426 
913 	 427 
913 	 429 
913 	 433 
913 	 438 
913 	 440 
913 	 443 
913 	 447 
913 	 449 
913 	 453 
913 	 455 
913 	 456 
913 	 457 
913 	 460 
913 	 461 
913 	 466 
913 	 468 
913 	 469 
913 	 471 
913 	 476 
913 	 483 
913 	 500 
913 	 509 
913 	 527 
912 	 194 
912 	 321 
912 	 327 
912 	 357 
912 	 366 
912 	 379 
912 	 387 
912 	 397 
912 	 417 
912 	 418 
912 	 428 
912 	 445 
912 	 451 
912 	 460 
912 	 461 
912 	 463 
912 	 464 
912 	 466 
912 	 468 
912 	 485 
912 	 491 
912 	 506 
911 	 325 
911 	 350 
911 	 355 
911 	 371 
911 	 377 
911 	 389 
911 	 407 
911 	 412 
911 	 417 
911 	 424 
911 	 429 
911 	 438 
911 	 440 
911 	 447 
911 	 448 
911 	 454 
911 	 457 
911 	 459 
911 	 460 
911 	 462 
911 	 463 
911 	 468 
911 	 470 
911 	 474 
911 	 476 
911 	 479 
911 	 483 
911 	 488 
911 	 528 
911 	 529 
911 	 540 
910 	 342 
910 	 357 
910 	 380 
910 	 384 
910 	 393 
910 	 406 
910 	 407 
910 	 410 
910 	 412 
910 	 416 
910 	 418 
910 	 426 
910 	 432 
910 	 437 
910 	 440 
910 	 441 
910 	 443 
910 	 446 
910 	 454 
910 	 455 
910 	 461 
910 	 472 
910 	 477 
910 	 480 
910 	 481 
910 	 493 
910 	 504 
910 	 508 
910 	 516 
910 	 517 
910 	 530 
910 	 532 
910 	 543 
909 	 349 
909 	 377 
909 	 383 
909 	 398 
909 	 410 
909 	 413 
909 	 415 
909 	 416 
909 	 417 
909 	 419 
909 	 420 
909 	 424 
909 	 425 
909 	 426 
909 	 428 
909 	 431 
909 	 437 
909 	 443 
909 	 446 
909 	 450 
909 	 451 
909 	 457 
909 	 458 
909 	 460 
909 	 462 
909 	 463 
909 	 465 
909 	 472 
909 	 482 
909 	 500 
909 	 506 
909 	 517 
909 	 524 
908 	 325 
908 	 353 
908 	 363 
908 	 374 
908 	 377 
908 	 390 
908 	 402 
908 	 405 
908 	 409 
908 	 410 
908 	 412 
908 	 413 
908 	 427 
908 	 429 
908 	 430 
908 	 435 
908 	 443 
908 	 446 
908 	 452 
908 	 454 
908 	 455 
908 	 460 
908 	 462 
908 	 465 
908 	 469 
908 	 471 
908 	 472 
908 	 488 
908 	 491 
907 	 381 
907 	 384 
907 	 388 
907 	 390 
907 	 392 
907 	 395 
907 	 397 
907 	 398 
907 	 399 
907 	 400 
907 	 401 
907 	 402 
907 	 408 
907 	 414 
907 	 417 
907 	 421 
907 	 422 
907 	 431 
907 	 435 
907 	 442 
907 	 445 
907 	 446 
907 	 448 
907 	 455 
907 	 457 
907 	 458 
907 	 459 
907 	 460 
907 	 469 
907 	 494 
907 	 508 
906 	 298 
906 	 347 
906 	 395 
906 	 398 
906 	 401 
906 	 404 
906 	 408 
906 	 409 
906 	 416 
906 	 418 
906 	 426 
906 	 431 
906 	 438 
906 	 447 
906 	 455 
906 	 461 
906 	 462 
906 	 482 
906 	 489 
906 	 491 
906 	 540 
905 	 309 
905 	 330 
905 	 360 
905 	 365 
905 	 368 
905 	 375 
905 	 377 
905 	 381 
905 	 382 
905 	 392 
905 	 397 
905 	 398 
905 	 400 
905 	 401 
905 	 404 
905 	 406 
905 	 409 
905 	 415 
905 	 425 
905 	 429 
905 	 441 
905 	 443 
905 	 448 
905 	 457 
905 	 460 
905 	 464 
905 	 474 
905 	 495 
905 	 496 
904 	 375 
904 	 381 
904 	 393 
904 	 397 
904 	 404 
904 	 406 
904 	 407 
904 	 413 
904 	 422 
904 	 425 
904 	 427 
904 	 429 
904 	 430 
904 	 432 
904 	 437 
904 	 439 
904 	 441 
904 	 444 
904 	 451 
904 	 452 
904 	 456 
904 	 467 
904 	 470 
904 	 475 
904 	 480 
904 	 481 
904 	 482 
904 	 489 
903 	 299 
903 	 324 
903 	 331 
903 	 346 
903 	 351 
903 	 357 
903 	 367 
903 	 370 
903 	 375 
903 	 384 
903 	 388 
903 	 397 
903 	 400 
903 	 404 
903 	 405 
903 	 406 
903 	 410 
903 	 412 
903 	 420 
903 	 428 
903 	 429 
903 	 432 
903 	 434 
903 	 436 
903 	 437 
903 	 440 
903 	 446 
903 	 447 
903 	 449 
903 	 462 
903 	 463 
903 	 469 
902 	 336 
902 	 351 
902 	 378 
902 	 380 
902 	 383 
902 	 386 
902 	 391 
902 	 395 
902 	 416 
902 	 417 
902 	 423 
902 	 428 
902 	 432 
902 	 433 
902 	 436 
902 	 440 
902 	 445 
902 	 452 
902 	 455 
902 	 456 
902 	 457 
902 	 465 
902 	 466 
902 	 468 
902 	 475 
902 	 476 
902 	 522 
901 	 250 
901 	 285 
901 	 322 
901 	 336 
901 	 343 
901 	 355 
901 	 364 
901 	 369 
901 	 371 
901 	 373 
901 	 376 
901 	 378 
901 	 381 
901 	 385 
901 	 386 
901 	 389 
901 	 392 
901 	 393 
901 	 400 
901 	 401 
901 	 406 
901 	 412 
901 	 414 
901 	 415 
901 	 416 
901 	 421 
901 	 426 
901 	 429 
901 	 430 
901 	 431 
901 	 437 
901 	 447 
901 	 460 
901 	 464 
901 	 467 
901 	 469 
901 	 478 
901 	 480 
901 	 524 
900 	 327 
900 	 348 
900 	 351 
900 	 360 
900 	 373 
900 	 374 
900 	 375 
900 	 380 
900 	 381 
900 	 393 
900 	 394 
900 	 416 
900 	 418 
900 	 420 
900 	 427 
900 	 428 
900 	 429 
900 	 434 
900 	 435 
900 	 439 
900 	 449 
900 	 467 
900 	 478 
900 	 483 
900 	 519 
899 	 314 
899 	 332 
899 	 347 
899 	 356 
899 	 358 
899 	 376 
899 	 383 
899 	 390 
899 	 394 
899 	 395 
899 	 398 
899 	 400 
899 	 404 
899 	 409 
899 	 413 
899 	 417 
899 	 419 
899 	 420 
899 	 421 
899 	 429 
899 	 431 
899 	 436 
899 	 440 
899 	 442 
899 	 443 
899 	 447 
899 	 455 
899 	 471 
899 	 478 
899 	 481 
899 	 497 
898 	 305 
898 	 313 
898 	 335 
898 	 347 
898 	 350 
898 	 354 
898 	 357 
898 	 368 
898 	 373 
898 	 376 
898 	 378 
898 	 380 
898 	 389 
898 	 392 
898 	 396 
898 	 401 
898 	 403 
898 	 404 
898 	 406 
898 	 412 
898 	 416 
898 	 420 
898 	 422 
898 	 425 
898 	 428 
898 	 441 
898 	 442 
898 	 444 
898 	 450 
898 	 469 
897 	 319 
897 	 336 
897 	 357 
897 	 359 
897 	 362 
897 	 365 
897 	 371 
897 	 374 
897 	 377 
897 	 378 
897 	 384 
897 	 385 
897 	 390 
897 	 392 
897 	 396 
897 	 399 
897 	 409 
897 	 414 
897 	 418 
897 	 420 
897 	 421 
897 	 427 
897 	 437 
897 	 445 
897 	 448 
897 	 449 
897 	 457 
897 	 466 
897 	 473 
896 	 279 
896 	 311 
896 	 348 
896 	 351 
896 	 352 
896 	 355 
896 	 360 
896 	 361 
896 	 365 
896 	 376 
896 	 390 
896 	 394 
896 	 395 
896 	 398 
896 	 400 
896 	 401 
896 	 406 
896 	 410 
896 	 411 
896 	 414 
896 	 422 
896 	 423 
896 	 426 
896 	 431 
896 	 434 
896 	 438 
896 	 444 
896 	 461 
896 	 464 
895 	 287 
895 	 303 
895 	 327 
895 	 347 
895 	 348 
895 	 360 
895 	 367 
895 	 375 
895 	 376 
895 	 378 
895 	 381 
895 	 388 
895 	 392 
895 	 397 
895 	 400 
895 	 401 
895 	 409 
895 	 410 
895 	 416 
895 	 423 
895 	 424 
895 	 432 
895 	 433 
895 	 434 
895 	 435 
895 	 438 
895 	 450 
895 	 456 
895 	 465 
895 	 489 
895 	 559 
894 	 315 
894 	 343 
894 	 348 
894 	 354 
894 	 364 
894 	 373 
894 	 384 
894 	 385 
894 	 396 
894 	 397 
894 	 402 
894 	 404 
894 	 408 
894 	 409 
894 	 411 
894 	 412 
894 	 413 
894 	 415 
894 	 422 
894 	 423 
894 	 435 
894 	 436 
894 	 437 
894 	 440 
894 	 441 
894 	 444 
894 	 446 
894 	 459 
894 	 461 
894 	 468 
894 	 482 
894 	 497 
893 	 304 
893 	 317 
893 	 336 
893 	 350 
893 	 359 
893 	 371 
893 	 378 
893 	 381 
893 	 383 
893 	 387 
893 	 389 
893 	 391 
893 	 394 
893 	 399 
893 	 401 
893 	 402 
893 	 405 
893 	 414 
893 	 427 
893 	 435 
893 	 457 
893 	 468 
892 	 230 
892 	 341 
892 	 353 
892 	 359 
892 	 362 
892 	 367 
892 	 368 
892 	 370 
892 	 374 
892 	 378 
892 	 379 
892 	 382 
892 	 383 
892 	 386 
892 	 389 
892 	 391 
892 	 393 
892 	 394 
892 	 401 
892 	 402 
892 	 410 
892 	 418 
892 	 424 
892 	 429 
892 	 431 
892 	 433 
892 	 436 
892 	 450 
892 	 452 
892 	 456 
892 	 463 
892 	 495 
891 	 194 
891 	 268 
891 	 329 
891 	 356 
891 	 358 
891 	 367 
891 	 377 
891 	 378 
891 	 379 
891 	 385 
891 	 388 
891 	 393 
891 	 402 
891 	 405 
891 	 406 
891 	 410 
891 	 412 
891 	 415 
891 	 417 
891 	 419 
891 	 422 
891 	 425 
891 	 427 
891 	 429 
891 	 432 
891 	 434 
891 	 438 
891 	 441 
891 	 451 
891 	 456 
890 	 292 
890 	 329 
890 	 330 
890 	 346 
890 	 354 
890 	 355 
890 	 357 
890 	 361 
890 	 362 
890 	 368 
890 	 369 
890 	 373 
890 	 376 
890 	 380 
890 	 381 
890 	 388 
890 	 391 
890 	 395 
890 	 397 
890 	 400 
890 	 402 
890 	 404 
890 	 409 
890 	 418 
890 	 429 
890 	 431 
890 	 435 
890 	 436 
890 	 437 
890 	 439 
890 	 468 
890 	 485 
890 	 534 
889 	 297 
889 	 334 
889 	 339 
889 	 349 
889 	 357 
889 	 359 
889 	 369 
889 	 380 
889 	 386 
889 	 390 
889 	 392 
889 	 404 
889 	 414 
889 	 424 
889 	 431 
889 	 441 
889 	 445 
889 	 447 
889 	 448 
889 	 467 
889 	 477 
889 	 498 
888 	 279 
888 	 306 
888 	 328 
888 	 335 
888 	 337 
888 	 343 
888 	 345 
888 	 349 
888 	 352 
888 	 357 
888 	 368 
888 	 369 
888 	 381 
888 	 382 
888 	 383 
888 	 385 
888 	 387 
888 	 396 
888 	 398 
888 	 401 
888 	 403 
888 	 413 
888 	 421 
888 	 429 
888 	 430 
888 	 448 
888 	 481 
887 	 334 
887 	 346 
887 	 356 
887 	 359 
887 	 368 
887 	 371 
887 	 373 
887 	 379 
887 	 381 
887 	 396 
887 	 418 
887 	 421 
887 	 424 
887 	 427 
887 	 433 
887 	 440 
887 	 471 
887 	 490 
886 	 262 
886 	 296 
886 	 325 
886 	 327 
886 	 332 
886 	 342 
886 	 351 
886 	 354 
886 	 359 
886 	 362 
886 	 373 
886 	 376 
886 	 381 
886 	 382 
886 	 383 
886 	 384 
886 	 389 
886 	 398 
886 	 399 
886 	 400 
886 	 405 
886 	 406 
886 	 409 
886 	 411 
886 	 414 
886 	 417 
886 	 420 
886 	 424 
886 	 426 
886 	 440 
886 	 443 
886 	 453 
886 	 462 
886 	 484 
886 	 499 
885 	 269 
885 	 293 
885 	 298 
885 	 311 
885 	 326 
885 	 327 
885 	 328 
885 	 338 
885 	 349 
885 	 350 
885 	 363 
885 	 368 
885 	 370 
885 	 373 
885 	 376 
885 	 380 
885 	 384 
885 	 386 
885 	 388 
885 	 390 
885 	 391 
885 	 392 
885 	 402 
885 	 417 
885 	 422 
885 	 425 
885 	 431 
885 	 437 
885 	 460 
885 	 503 
884 	 335 
884 	 345 
884 	 349 
884 	 350 
884 	 362 
884 	 365 
884 	 371 
884 	 378 
884 	 380 
884 	 381 
884 	 385 
884 	 387 
884 	 389 
884 	 393 
884 	 401 
884 	 402 
884 	 409 
884 	 421 
884 	 423 
884 	 424 
884 	 431 
884 	 432 
884 	 434 
884 	 436 
884 	 437 
884 	 448 
884 	 470 
884 	 501 
883 	 292 
883 	 299 
883 	 322 
883 	 329 
883 	 344 
883 	 348 
883 	 350 
883 	 354 
883 	 359 
883 	 363 
883 	 364 
883 	 365 
883 	 366 
883 	 368 
883 	 371 
883 	 378 
883 	 379 
883 	 380 
883 	 382 
883 	 383 
883 	 393 
883 	 394 
883 	 398 
883 	 409 
883 	 417 
883 	 418 
883 	 419 
883 	 424 
883 	 428 
883 	 429 
883 	 435 
882 	 283 
882 	 297 
882 	 315 
882 	 329 
882 	 338 
882 	 339 
882 	 340 
882 	 342 
882 	 346 
882 	 348 
882 	 359 
882 	 360 
882 	 364 
882 	 369 
882 	 370 
882 	 377 
882 	 382 
882 	 384 
882 	 385 
882 	 387 
882 	 391 
882 	 392 
882 	 397 
882 	 400 
882 	 403 
882 	 407 
882 	 408 
882 	 409 
882 	 410 
882 	 418 
882 	 435 
882 	 454 
882 	 489 
881 	 226 
881 	 309 
881 	 316 
881 	 351 
881 	 357 
881 	 358 
881 	 359 
881 	 362 
881 	 374 
881 	 375 
881 	 384 
881 	 385 
881 	 389 
881 	 392 
881 	 398 
881 	 408 
881 	 411 
881 	 412 
881 	 413 
881 	 414 
881 	 432 
881 	 433 
881 	 478 
880 	 158 
880 	 265 
880 	 280 
880 	 290 
880 	 318 
880 	 324 
880 	 342 
880 	 350 
880 	 352 
880 	 364 
880 	 366 
880 	 367 
880 	 369 
880 	 371 
880 	 377 
880 	 378 
880 	 379 
880 	 382 
880 	 385 
880 	 386 
880 	 388 
880 	 390 
880 	 392 
880 	 407 
880 	 410 
880 	 414 
880 	 419 
879 	 310 
879 	 320 
879 	 333 
879 	 337 
879 	 342 
879 	 352 
879 	 360 
879 	 367 
879 	 379 
879 	 390 
879 	 399 
879 	 402 
879 	 406 
879 	 416 
879 	 418 
879 	 423 
879 	 425 
879 	 442 
878 	 226 
878 	 317 
878 	 319 
878 	 336 
878 	 347 
878 	 348 
878 	 351 
878 	 352 
878 	 359 
878 	 360 
878 	 363 
878 	 364 
878 	 368 
878 	 372 
878 	 376 
878 	 380 
878 	 384 
878 	 385 
878 	 389 
878 	 390 
878 	 395 
878 	 398 
878 	 400 
878 	 402 
878 	 412 
878 	 414 
878 	 416 
877 	 170 
877 	 280 
877 	 284 
877 	 312 
877 	 313 
877 	 336 
877 	 356 
877 	 358 
877 	 359 
877 	 362 
877 	 376 
877 	 377 
877 	 378 
877 	 382 
877 	 384 
877 	 400 
877 	 418 
877 	 420 
877 	 426 
877 	 431 
877 	 434 
877 	 438 
877 	 442 
877 	 453 
876 	 58 
876 	 267 
876 	 281 
876 	 283 
876 	 289 
876 	 301 
876 	 325 
876 	 329 
876 	 332 
876 	 334 
876 	 335 
876 	 343 
876 	 346 
876 	 349 
876 	 354 
876 	 363 
876 	 365 
876 	 367 
876 	 368 
876 	 371 
876 	 372 
876 	 380 
876 	 385 
876 	 388 
876 	 394 
876 	 396 
876 	 399 
876 	 400 
876 	 401 
876 	 408 
876 	 409 
876 	 416 
876 	 419 
876 	 422 
876 	 430 
876 	 472 
875 	 224 
875 	 272 
875 	 276 
875 	 292 
875 	 311 
875 	 344 
875 	 346 
875 	 352 
875 	 363 
875 	 367 
875 	 369 
875 	 373 
875 	 374 
875 	 375 
875 	 387 
875 	 392 
875 	 404 
875 	 419 
875 	 430 
875 	 431 
875 	 436 
874 	 166 
874 	 304 
874 	 307 
874 	 308 
874 	 310 
874 	 320 
874 	 328 
874 	 334 
874 	 336 
874 	 345 
874 	 349 
874 	 351 
874 	 352 
874 	 357 
874 	 358 
874 	 360 
874 	 365 
874 	 369 
874 	 371 
874 	 376 
874 	 377 
874 	 380 
874 	 382 
874 	 383 
874 	 384 
874 	 403 
874 	 406 
874 	 408 
874 	 410 
874 	 414 
874 	 419 
874 	 424 
873 	 242 
873 	 315 
873 	 319 
873 	 320 
873 	 349 
873 	 357 
873 	 360 
873 	 364 
873 	 365 
873 	 367 
873 	 368 
873 	 369 
873 	 374 
873 	 386 
873 	 387 
873 	 392 
873 	 409 
873 	 415 
873 	 416 
873 	 445 
872 	 164 
872 	 198 
872 	 275 
872 	 290 
872 	 296 
872 	 312 
872 	 319 
872 	 322 
872 	 328 
872 	 340 
872 	 346 
872 	 353 
872 	 358 
872 	 359 
872 	 360 
872 	 361 
872 	 362 
872 	 369 
872 	 370 
872 	 371 
872 	 373 
872 	 375 
872 	 381 
872 	 389 
872 	 394 
872 	 397 
872 	 403 
872 	 405 
872 	 423 
872 	 429 
871 	 197 
871 	 219 
871 	 249 
871 	 256 
871 	 261 
871 	 267 
871 	 277 
871 	 285 
871 	 290 
871 	 296 
871 	 310 
871 	 319 
871 	 321 
871 	 325 
871 	 328 
871 	 330 
871 	 347 
871 	 352 
871 	 353 
871 	 355 
871 	 363 
871 	 364 
871 	 377 
871 	 379 
871 	 380 
871 	 399 
871 	 400 
871 	 402 
871 	 418 
871 	 423 
871 	 443 
870 	 306 
870 	 309 
870 	 316 
870 	 324 
870 	 325 
870 	 327 
870 	 329 
870 	 334 
870 	 340 
870 	 352 
870 	 355 
870 	 365 
870 	 366 
870 	 371 
870 	 374 
870 	 377 
870 	 385 
870 	 386 
870 	 389 
870 	 395 
870 	 396 
870 	 405 
870 	 407 
870 	 413 
870 	 423 
870 	 429 
869 	 210 
869 	 280 
869 	 285 
869 	 298 
869 	 308 
869 	 309 
869 	 315 
869 	 322 
869 	 337 
869 	 349 
869 	 350 
869 	 351 
869 	 357 
869 	 360 
869 	 361 
869 	 365 
869 	 395 
869 	 415 
869 	 433 
868 	 286 
868 	 287 
868 	 290 
868 	 306 
868 	 309 
868 	 310 
868 	 319 
868 	 321 
868 	 328 
868 	 329 
868 	 339 
868 	 341 
868 	 342 
868 	 347 
868 	 352 
868 	 353 
868 	 366 
868 	 368 
868 	 370 
868 	 383 
868 	 391 
868 	 394 
868 	 395 
868 	 397 
868 	 408 
867 	 155 
867 	 232 
867 	 287 
867 	 296 
867 	 297 
867 	 313 
867 	 314 
867 	 323 
867 	 325 
867 	 326 
867 	 329 
867 	 335 
867 	 336 
867 	 338 
867 	 343 
867 	 357 
867 	 361 
867 	 364 
867 	 365 
867 	 369 
867 	 372 
867 	 376 
867 	 381 
867 	 401 
867 	 404 
867 	 412 
867 	 449 
866 	 294 
866 	 295 
866 	 303 
866 	 322 
866 	 325 
866 	 331 
866 	 335 
866 	 338 
866 	 339 
866 	 347 
866 	 353 
866 	 365 
866 	 379 
866 	 385 
866 	 391 
866 	 398 
866 	 421 
865 	 288 
865 	 305 
865 	 310 
865 	 332 
865 	 333 
865 	 339 
865 	 340 
865 	 341 
865 	 345 
865 	 354 
865 	 358 
865 	 359 
865 	 360 
865 	 371 
865 	 372 
865 	 373 
865 	 381 
865 	 384 
865 	 386 
865 	 387 
865 	 405 
865 	 406 
865 	 417 
865 	 418 
865 	 448 
865 	 455 
864 	 238 
864 	 275 
864 	 299 
864 	 302 
864 	 331 
864 	 333 
864 	 336 
864 	 360 
864 	 362 
864 	 367 
864 	 387 
864 	 392 
864 	 395 
864 	 408 
864 	 421 
864 	 424 
864 	 442 
864 	 475 
863 	 230 
863 	 287 
863 	 295 
863 	 305 
863 	 316 
863 	 317 
863 	 321 
863 	 323 
863 	 329 
863 	 332 
863 	 335 
863 	 337 
863 	 339 
863 	 343 
863 	 344 
863 	 346 
863 	 347 
863 	 348 
863 	 352 
863 	 355 
863 	 365 
863 	 366 
863 	 372 
863 	 379 
863 	 393 
863 	 401 
863 	 404 
863 	 406 
863 	 412 
863 	 413 
863 	 423 
862 	 244 
862 	 285 
862 	 288 
862 	 306 
862 	 309 
862 	 314 
862 	 318 
862 	 320 
862 	 323 
862 	 328 
862 	 329 
862 	 334 
862 	 343 
862 	 346 
862 	 352 
862 	 355 
862 	 357 
862 	 360 
862 	 361 
862 	 365 
862 	 367 
862 	 369 
862 	 376 
862 	 393 
862 	 401 
862 	 419 
862 	 426 
861 	 261 
861 	 270 
861 	 277 
861 	 287 
861 	 304 
861 	 305 
861 	 312 
861 	 324 
861 	 326 
861 	 333 
861 	 342 
861 	 343 
861 	 345 
861 	 355 
861 	 357 
861 	 358 
861 	 371 
861 	 378 
861 	 394 
861 	 395 
861 	 407 
861 	 421 
860 	 256 
860 	 262 
860 	 270 
860 	 299 
860 	 305 
860 	 308 
860 	 310 
860 	 319 
860 	 320 
860 	 323 
860 	 334 
860 	 336 
860 	 344 
860 	 345 
860 	 348 
860 	 350 
860 	 358 
860 	 368 
860 	 403 
859 	 205 
859 	 269 
859 	 281 
859 	 287 
859 	 291 
859 	 302 
859 	 305 
859 	 306 
859 	 317 
859 	 321 
859 	 325 
859 	 331 
859 	 332 
859 	 339 
859 	 342 
859 	 343 
859 	 350 
859 	 353 
859 	 354 
859 	 357 
859 	 358 
859 	 360 
859 	 361 
859 	 365 
859 	 367 
859 	 368 
859 	 379 
859 	 383 
859 	 397 
859 	 398 
859 	 402 
858 	 176 
858 	 258 
858 	 285 
858 	 294 
858 	 306 
858 	 322 
858 	 330 
858 	 336 
858 	 342 
858 	 345 
858 	 350 
858 	 351 
858 	 354 
858 	 355 
858 	 358 
858 	 361 
858 	 362 
858 	 369 
858 	 381 
858 	 386 
858 	 392 
858 	 400 
858 	 445 
857 	 2 
857 	 238 
857 	 259 
857 	 280 
857 	 289 
857 	 292 
857 	 300 
857 	 303 
857 	 314 
857 	 320 
857 	 325 
857 	 327 
857 	 328 
857 	 332 
857 	 348 
857 	 349 
857 	 350 
857 	 353 
857 	 377 
857 	 387 
857 	 398 
857 	 403 
857 	 417 
857 	 447 
856 	 286 
856 	 294 
856 	 296 
856 	 304 
856 	 309 
856 	 327 
856 	 330 
856 	 331 
856 	 333 
856 	 335 
856 	 343 
856 	 344 
856 	 347 
856 	 350 
856 	 352 
856 	 355 
856 	 357 
856 	 359 
856 	 365 
856 	 372 
856 	 373 
856 	 374 
856 	 377 
856 	 397 
856 	 416 
856 	 463 
855 	 280 
855 	 292 
855 	 297 
855 	 300 
855 	 311 
855 	 315 
855 	 321 
855 	 322 
855 	 325 
855 	 328 
855 	 342 
855 	 343 
855 	 346 
855 	 349 
855 	 362 
855 	 413 
855 	 417 
854 	 209 
854 	 275 
854 	 282 
854 	 293 
854 	 297 
854 	 299 
854 	 305 
854 	 310 
854 	 311 
854 	 312 
854 	 314 
854 	 323 
854 	 324 
854 	 326 
854 	 334 
854 	 340 
854 	 342 
854 	 345 
854 	 350 
854 	 352 
854 	 353 
854 	 354 
854 	 378 
854 	 389 
854 	 412 
854 	 427 
853 	 182 
853 	 281 
853 	 282 
853 	 291 
853 	 304 
853 	 310 
853 	 317 
853 	 319 
853 	 321 
853 	 325 
853 	 331 
853 	 334 
853 	 339 
853 	 341 
853 	 347 
853 	 351 
853 	 362 
853 	 369 
853 	 375 
853 	 385 
853 	 386 
853 	 435 
852 	 199 
852 	 236 
852 	 257 
852 	 262 
852 	 288 
852 	 293 
852 	 298 
852 	 301 
852 	 302 
852 	 312 
852 	 320 
852 	 334 
852 	 343 
852 	 346 
852 	 347 
852 	 348 
852 	 349 
852 	 351 
852 	 352 
852 	 355 
852 	 357 
852 	 361 
852 	 395 
852 	 423 
852 	 436 
851 	 3 
851 	 271 
851 	 273 
851 	 275 
851 	 298 
851 	 300 
851 	 301 
851 	 311 
851 	 312 
851 	 316 
851 	 319 
851 	 338 
851 	 339 
851 	 344 
851 	 348 
851 	 352 
851 	 357 
851 	 358 
851 	 359 
851 	 364 
851 	 368 
851 	 382 
851 	 384 
851 	 388 
851 	 389 
850 	 229 
850 	 254 
850 	 273 
850 	 277 
850 	 299 
850 	 300 
850 	 308 
850 	 309 
850 	 312 
850 	 321 
850 	 322 
850 	 325 
850 	 329 
850 	 333 
850 	 334 
850 	 339 
850 	 340 
850 	 343 
850 	 346 
850 	 347 
850 	 348 
850 	 352 
850 	 355 
850 	 356 
850 	 362 
850 	 365 
850 	 370 
850 	 374 
850 	 385 
850 	 397 
850 	 459 
849 	 220 
849 	 251 
849 	 262 
849 	 268 
849 	 269 
849 	 292 
849 	 296 
849 	 297 
849 	 306 
849 	 311 
849 	 316 
849 	 317 
849 	 325 
849 	 328 
849 	 341 
849 	 342 
849 	 345 
849 	 347 
849 	 348 
849 	 357 
849 	 361 
849 	 375 
849 	 393 
849 	 402 
848 	 127 
848 	 207 
848 	 209 
848 	 236 
848 	 255 
848 	 267 
848 	 277 
848 	 285 
848 	 287 
848 	 290 
848 	 297 
848 	 299 
848 	 303 
848 	 306 
848 	 316 
848 	 325 
848 	 327 
848 	 329 
848 	 336 
848 	 339 
848 	 344 
848 	 347 
848 	 355 
848 	 358 
848 	 402 
847 	 198 
847 	 227 
847 	 244 
847 	 261 
847 	 267 
847 	 269 
847 	 285 
847 	 289 
847 	 292 
847 	 302 
847 	 305 
847 	 309 
847 	 311 
847 	 315 
847 	 316 
847 	 319 
847 	 326 
847 	 327 
847 	 344 
847 	 360 
847 	 364 
847 	 370 
847 	 375 
847 	 390 
847 	 394 
846 	 174 
846 	 213 
846 	 237 
846 	 250 
846 	 261 
846 	 286 
846 	 294 
846 	 310 
846 	 312 
846 	 317 
846 	 319 
846 	 324 
846 	 325 
846 	 327 
846 	 332 
846 	 333 
846 	 335 
846 	 338 
846 	 342 
846 	 349 
846 	 351 
846 	 365 
846 	 369 
846 	 392 
846 	 393 
846 	 399 
845 	 174 
845 	 241 
845 	 269 
845 	 277 
845 	 279 
845 	 282 
845 	 284 
845 	 294 
845 	 299 
845 	 302 
845 	 305 
845 	 309 
845 	 310 
845 	 312 
845 	 314 
845 	 325 
845 	 326 
845 	 331 
845 	 332 
845 	 334 
845 	 336 
845 	 337 
845 	 345 
845 	 346 
845 	 349 
845 	 355 
845 	 358 
845 	 377 
845 	 389 
844 	 207 
844 	 243 
844 	 250 
844 	 276 
844 	 283 
844 	 287 
844 	 299 
844 	 300 
844 	 303 
844 	 306 
844 	 311 
844 	 314 
844 	 315 
844 	 318 
844 	 330 
844 	 331 
844 	 334 
844 	 337 
844 	 338 
844 	 341 
844 	 346 
844 	 349 
844 	 350 
844 	 368 
844 	 399 
844 	 406 
844 	 410 
844 	 428 
844 	 441 
844 	 442 
843 	 177 
843 	 225 
843 	 255 
843 	 264 
843 	 266 
843 	 273 
843 	 274 
843 	 275 
843 	 279 
843 	 280 
843 	 282 
843 	 285 
843 	 301 
843 	 302 
843 	 303 
843 	 308 
843 	 312 
843 	 313 
843 	 322 
843 	 331 
843 	 337 
843 	 340 
843 	 344 
843 	 347 
843 	 364 
843 	 371 
843 	 373 
843 	 376 
843 	 384 
842 	 138 
842 	 140 
842 	 250 
842 	 280 
842 	 283 
842 	 292 
842 	 296 
842 	 306 
842 	 307 
842 	 310 
842 	 315 
842 	 318 
842 	 349 
842 	 355 
842 	 455 
841 	 150 
841 	 193 
841 	 236 
841 	 241 
841 	 248 
841 	 258 
841 	 273 
841 	 286 
841 	 288 
841 	 289 
841 	 298 
841 	 301 
841 	 306 
841 	 314 
841 	 315 
841 	 324 
841 	 329 
841 	 330 
841 	 335 
841 	 336 
841 	 342 
841 	 348 
841 	 354 
841 	 362 
841 	 366 
841 	 368 
841 	 375 
841 	 380 
840 	 187 
840 	 229 
840 	 249 
840 	 269 
840 	 270 
840 	 273 
840 	 282 
840 	 298 
840 	 299 
840 	 303 
840 	 314 
840 	 325 
840 	 327 
840 	 332 
840 	 334 
840 	 336 
840 	 337 
840 	 341 
840 	 344 
840 	 348 
839 	 76 
839 	 262 
839 	 268 
839 	 280 
839 	 285 
839 	 286 
839 	 288 
839 	 289 
839 	 292 
839 	 295 
839 	 298 
839 	 301 
839 	 302 
839 	 303 
839 	 311 
839 	 317 
839 	 332 
839 	 333 
839 	 334 
839 	 336 
839 	 338 
839 	 339 
839 	 340 
839 	 346 
839 	 359 
839 	 363 
839 	 431 
838 	 231 
838 	 257 
838 	 258 
838 	 277 
838 	 281 
838 	 282 
838 	 291 
838 	 294 
838 	 296 
838 	 299 
838 	 306 
838 	 307 
838 	 309 
838 	 310 
838 	 318 
838 	 323 
838 	 325 
838 	 333 
838 	 336 
838 	 348 
838 	 363 
838 	 369 
837 	 151 
837 	 184 
837 	 258 
837 	 269 
837 	 274 
837 	 277 
837 	 282 
837 	 284 
837 	 294 
837 	 300 
837 	 301 
837 	 309 
837 	 318 
837 	 320 
837 	 335 
837 	 339 
837 	 342 
837 	 374 
837 	 389 
837 	 391 
836 	 111 
836 	 223 
836 	 228 
836 	 232 
836 	 242 
836 	 249 
836 	 251 
836 	 263 
836 	 265 
836 	 270 
836 	 272 
836 	 273 
836 	 277 
836 	 279 
836 	 291 
836 	 292 
836 	 296 
836 	 298 
836 	 300 
836 	 308 
836 	 315 
836 	 316 
836 	 317 
836 	 319 
836 	 321 
836 	 326 
836 	 329 
836 	 332 
836 	 337 
836 	 346 
836 	 355 
836 	 362 
836 	 370 
835 	 211 
835 	 216 
835 	 225 
835 	 248 
835 	 270 
835 	 276 
835 	 285 
835 	 294 
835 	 295 
835 	 300 
835 	 312 
835 	 314 
835 	 315 
835 	 324 
835 	 327 
835 	 329 
835 	 333 
835 	 344 
835 	 347 
835 	 373 
834 	 242 
834 	 249 
834 	 256 
834 	 260 
834 	 265 
834 	 266 
834 	 267 
834 	 270 
834 	 275 
834 	 278 
834 	 284 
834 	 289 
834 	 294 
834 	 295 
834 	 300 
834 	 301 
834 	 302 
834 	 306 
834 	 308 
834 	 313 
834 	 315 
834 	 317 
834 	 318 
834 	 319 
834 	 324 
834 	 328 
834 	 331 
834 	 334 
834 	 338 
834 	 348 
834 	 351 
834 	 356 
834 	 409 
833 	 150 
833 	 173 
833 	 221 
833 	 237 
833 	 238 
833 	 244 
833 	 251 
833 	 260 
833 	 274 
833 	 276 
833 	 278 
833 	 282 
833 	 285 
833 	 288 
833 	 299 
833 	 301 
833 	 305 
833 	 317 
833 	 342 
833 	 352 
833 	 389 
833 	 415 
832 	 212 
832 	 221 
832 	 232 
832 	 234 
832 	 259 
832 	 263 
832 	 274 
832 	 281 
832 	 287 
832 	 306 
832 	 307 
832 	 310 
832 	 311 
832 	 313 
832 	 320 
832 	 332 
832 	 336 
832 	 341 
832 	 342 
832 	 358 
832 	 395 
831 	 182 
831 	 186 
831 	 216 
831 	 239 
831 	 272 
831 	 276 
831 	 280 
831 	 284 
831 	 299 
831 	 310 
831 	 311 
831 	 312 
831 	 325 
831 	 326 
831 	 329 
831 	 333 
831 	 353 
831 	 356 
831 	 364 
830 	 202 
830 	 205 
830 	 220 
830 	 251 
830 	 256 
830 	 260 
830 	 262 
830 	 268 
830 	 270 
830 	 272 
830 	 279 
830 	 287 
830 	 291 
830 	 292 
830 	 293 
830 	 299 
830 	 303 
830 	 304 
830 	 305 
830 	 306 
830 	 310 
830 	 312 
830 	 317 
830 	 321 
830 	 329 
830 	 331 
830 	 353 
830 	 379 
829 	 199 
829 	 217 
829 	 231 
829 	 254 
829 	 261 
829 	 263 
829 	 266 
829 	 274 
829 	 275 
829 	 277 
829 	 288 
829 	 292 
829 	 296 
829 	 303 
829 	 312 
829 	 313 
829 	 315 
829 	 322 
829 	 325 
829 	 329 
829 	 330 
829 	 333 
829 	 338 
829 	 341 
829 	 347 
829 	 355 
828 	 158 
828 	 192 
828 	 212 
828 	 223 
828 	 241 
828 	 260 
828 	 262 
828 	 273 
828 	 275 
828 	 281 
828 	 284 
828 	 285 
828 	 286 
828 	 291 
828 	 293 
828 	 296 
828 	 299 
828 	 300 
828 	 306 
828 	 310 
828 	 315 
828 	 319 
828 	 320 
828 	 325 
828 	 331 
828 	 333 
828 	 357 
828 	 359 
827 	 221 
827 	 234 
827 	 237 
827 	 241 
827 	 244 
827 	 260 
827 	 270 
827 	 272 
827 	 274 
827 	 275 
827 	 280 
827 	 285 
827 	 286 
827 	 292 
827 	 293 
827 	 301 
827 	 303 
827 	 307 
827 	 310 
827 	 319 
826 	 135 
826 	 170 
826 	 202 
826 	 212 
826 	 222 
826 	 225 
826 	 226 
826 	 239 
826 	 246 
826 	 252 
826 	 256 
826 	 269 
826 	 272 
826 	 278 
826 	 283 
826 	 287 
826 	 288 
826 	 289 
826 	 294 
826 	 301 
826 	 312 
826 	 315 
826 	 317 
826 	 328 
826 	 330 
826 	 354 
826 	 357 
826 	 427 
825 	 148 
825 	 177 
825 	 232 
825 	 244 
825 	 253 
825 	 256 
825 	 262 
825 	 264 
825 	 272 
825 	 280 
825 	 282 
825 	 286 
825 	 287 
825 	 292 
825 	 294 
825 	 297 
825 	 300 
825 	 301 
825 	 304 
825 	 316 
825 	 320 
825 	 322 
824 	 170 
824 	 219 
824 	 224 
824 	 229 
824 	 237 
824 	 241 
824 	 243 
824 	 252 
824 	 257 
824 	 258 
824 	 262 
824 	 267 
824 	 271 
824 	 278 
824 	 282 
824 	 287 
824 	 288 
824 	 299 
824 	 309 
824 	 310 
824 	 321 
824 	 345 
823 	 226 
823 	 238 
823 	 243 
823 	 250 
823 	 253 
823 	 263 
823 	 267 
823 	 276 
823 	 279 
823 	 281 
823 	 285 
823 	 287 
823 	 292 
823 	 294 
823 	 295 
823 	 302 
823 	 304 
823 	 309 
823 	 314 
823 	 315 
823 	 317 
823 	 320 
823 	 324 
823 	 326 
823 	 337 
823 	 344 
823 	 407 
822 	 172 
822 	 208 
822 	 211 
822 	 225 
822 	 249 
822 	 253 
822 	 257 
822 	 260 
822 	 268 
822 	 270 
822 	 276 
822 	 277 
822 	 285 
822 	 286 
822 	 288 
822 	 289 
822 	 296 
822 	 304 
822 	 306 
822 	 326 
821 	 201 
821 	 203 
821 	 204 
821 	 210 
821 	 211 
821 	 220 
821 	 223 
821 	 229 
821 	 239 
821 	 253 
821 	 262 
821 	 265 
821 	 269 
821 	 270 
821 	 273 
821 	 297 
821 	 298 
821 	 300 
821 	 326 
821 	 330 
821 	 332 
821 	 333 
821 	 359 
820 	 220 
820 	 221 
820 	 223 
820 	 226 
820 	 232 
820 	 234 
820 	 236 
820 	 240 
820 	 246 
820 	 247 
820 	 249 
820 	 251 
820 	 270 
820 	 277 
820 	 281 
820 	 285 
820 	 290 
820 	 299 
820 	 311 
820 	 313 
820 	 318 
820 	 340 
819 	 124 
819 	 146 
819 	 150 
819 	 202 
819 	 219 
819 	 227 
819 	 231 
819 	 238 
819 	 256 
819 	 257 
819 	 263 
819 	 274 
819 	 275 
819 	 278 
819 	 286 
819 	 298 
819 	 303 
819 	 309 
819 	 315 
819 	 321 
819 	 322 
819 	 354 
818 	 155 
818 	 208 
818 	 211 
818 	 212 
818 	 218 
818 	 224 
818 	 225 
818 	 251 
818 	 269 
818 	 272 
818 	 282 
818 	 286 
818 	 293 
818 	 298 
818 	 302 
818 	 314 
818 	 316 
818 	 321 
818 	 332 
818 	 334 
817 	 185 
817 	 189 
817 	 196 
817 	 213 
817 	 215 
817 	 218 
817 	 224 
817 	 227 
817 	 231 
817 	 237 
817 	 245 
817 	 248 
817 	 249 
817 	 251 
817 	 253 
817 	 260 
817 	 265 
817 	 266 
817 	 273 
817 	 276 
817 	 277 
817 	 278 
817 	 279 
817 	 283 
817 	 288 
817 	 289 
817 	 290 
817 	 292 
817 	 294 
817 	 295 
817 	 312 
816 	 194 
816 	 197 
816 	 204 
816 	 212 
816 	 217 
816 	 218 
816 	 230 
816 	 233 
816 	 235 
816 	 236 
816 	 238 
816 	 253 
816 	 254 
816 	 256 
816 	 259 
816 	 262 
816 	 263 
816 	 266 
816 	 289 
816 	 292 
816 	 293 
816 	 300 
816 	 305 
816 	 306 
816 	 314 
815 	 170 
815 	 203 
815 	 205 
815 	 210 
815 	 212 
815 	 220 
815 	 224 
815 	 234 
815 	 236 
815 	 237 
815 	 241 
815 	 250 
815 	 252 
815 	 254 
815 	 266 
815 	 269 
815 	 271 
815 	 281 
815 	 283 
815 	 285 
815 	 286 
815 	 296 
815 	 301 
815 	 303 
815 	 314 
815 	 319 
815 	 320 
815 	 339 
814 	 207 
814 	 211 
814 	 220 
814 	 221 
814 	 222 
814 	 223 
814 	 245 
814 	 252 
814 	 254 
814 	 255 
814 	 256 
814 	 257 
814 	 262 
814 	 264 
814 	 268 
814 	 283 
814 	 290 
814 	 294 
814 	 297 
814 	 306 
814 	 307 
814 	 310 
813 	 113 
813 	 138 
813 	 140 
813 	 227 
813 	 228 
813 	 234 
813 	 235 
813 	 239 
813 	 249 
813 	 257 
813 	 272 
813 	 274 
813 	 280 
813 	 283 
813 	 302 
813 	 305 
812 	 172 
812 	 203 
812 	 204 
812 	 214 
812 	 222 
812 	 224 
812 	 225 
812 	 238 
812 	 241 
812 	 249 
812 	 250 
812 	 252 
812 	 260 
812 	 262 
812 	 263 
812 	 265 
812 	 266 
812 	 267 
812 	 270 
812 	 273 
812 	 277 
812 	 282 
812 	 295 
812 	 298 
812 	 300 
812 	 303 
812 	 308 
812 	 311 
812 	 317 
812 	 337 
811 	 172 
811 	 197 
811 	 208 
811 	 210 
811 	 212 
811 	 214 
811 	 215 
811 	 221 
811 	 222 
811 	 225 
811 	 233 
811 	 239 
811 	 244 
811 	 250 
811 	 253 
811 	 255 
811 	 257 
811 	 260 
811 	 267 
811 	 268 
811 	 273 
811 	 285 
811 	 302 
811 	 313 
810 	 163 
810 	 174 
810 	 191 
810 	 194 
810 	 207 
810 	 209 
810 	 212 
810 	 217 
810 	 227 
810 	 229 
810 	 232 
810 	 235 
810 	 240 
810 	 243 
810 	 251 
810 	 252 
810 	 261 
810 	 264 
810 	 265 
810 	 266 
810 	 271 
810 	 276 
810 	 282 
810 	 283 
810 	 297 
810 	 303 
810 	 305 
810 	 309 
809 	 116 
809 	 193 
809 	 199 
809 	 204 
809 	 207 
809 	 212 
809 	 219 
809 	 220 
809 	 221 
809 	 228 
809 	 229 
809 	 231 
809 	 239 
809 	 240 
809 	 251 
809 	 252 
809 	 255 
809 	 256 
809 	 258 
809 	 262 
809 	 263 
809 	 282 
809 	 284 
809 	 290 
809 	 303 
809 	 312 
809 	 313 
808 	 174 
808 	 188 
808 	 218 
808 	 235 
808 	 239 
808 	 249 
808 	 250 
808 	 254 
808 	 258 
808 	 265 
808 	 277 
808 	 299 
807 	 178 
807 	 202 
807 	 206 
807 	 210 
807 	 230 
807 	 233 
807 	 236 
807 	 238 
807 	 243 
807 	 244 
807 	 247 
807 	 253 
807 	 255 
807 	 261 
807 	 267 
807 	 277 
807 	 310 
807 	 325 
807 	 334 
806 	 145 
806 	 168 
806 	 174 
806 	 186 
806 	 202 
806 	 203 
806 	 204 
806 	 210 
806 	 211 
806 	 221 
806 	 225 
806 	 234 
806 	 236 
806 	 240 
806 	 242 
806 	 245 
806 	 246 
806 	 255 
806 	 269 
806 	 270 
806 	 277 
806 	 283 
806 	 286 
806 	 294 
806 	 295 
806 	 301 
806 	 316 
805 	 170 
805 	 179 
805 	 195 
805 	 201 
805 	 202 
805 	 206 
805 	 212 
805 	 216 
805 	 219 
805 	 220 
805 	 233 
805 	 253 
805 	 255 
805 	 260 
805 	 264 
805 	 266 
805 	 268 
805 	 281 
805 	 282 
804 	 194 
804 	 203 
804 	 207 
804 	 209 
804 	 216 
804 	 218 
804 	 221 
804 	 223 
804 	 224 
804 	 229 
804 	 237 
804 	 240 
804 	 241 
804 	 243 
804 	 246 
804 	 253 
804 	 256 
804 	 257 
804 	 258 
804 	 261 
804 	 262 
804 	 265 
804 	 271 
804 	 274 
804 	 276 
804 	 288 
804 	 292 
804 	 303 
804 	 319 
803 	 182 
803 	 193 
803 	 209 
803 	 213 
803 	 214 
803 	 217 
803 	 219 
803 	 221 
803 	 222 
803 	 227 
803 	 229 
803 	 233 
803 	 238 
803 	 240 
803 	 245 
803 	 261 
803 	 283 
803 	 291 
802 	 175 
802 	 178 
802 	 183 
802 	 187 
802 	 190 
802 	 207 
802 	 212 
802 	 219 
802 	 221 
802 	 227 
802 	 230 
802 	 234 
802 	 236 
802 	 242 
802 	 250 
802 	 253 
802 	 254 
802 	 258 
802 	 260 
802 	 261 
802 	 266 
802 	 271 
802 	 297 
802 	 299 
802 	 300 
802 	 312 
801 	 130 
801 	 148 
801 	 183 
801 	 197 
801 	 214 
801 	 216 
801 	 217 
801 	 219 
801 	 222 
801 	 234 
801 	 240 
801 	 242 
801 	 247 
801 	 253 
801 	 259 
801 	 261 
801 	 265 
801 	 272 
801 	 279 
801 	 286 
801 	 294 
801 	 321 
801 	 323 
800 	 160 
800 	 167 
800 	 170 
800 	 183 
800 	 192 
800 	 207 
800 	 208 
800 	 216 
800 	 223 
800 	 225 
800 	 227 
800 	 232 
800 	 237 
800 	 247 
800 	 248 
800 	 251 
800 	 252 
800 	 255 
800 	 270 
800 	 276 
800 	 290 
799 	 193 
799 	 196 
799 	 205 
799 	 208 
799 	 221 
799 	 222 
799 	 223 
799 	 226 
799 	 227 
799 	 233 
799 	 234 
799 	 235 
799 	 236 
799 	 243 
799 	 244 
799 	 245 
799 	 247 
799 	 255 
799 	 261 
799 	 262 
799 	 287 
799 	 313 
798 	 146 
798 	 177 
798 	 185 
798 	 191 
798 	 199 
798 	 205 
798 	 211 
798 	 213 
798 	 221 
798 	 222 
798 	 228 
798 	 232 
798 	 235 
798 	 236 
798 	 240 
798 	 244 
798 	 245 
798 	 246 
798 	 247 
798 	 248 
798 	 259 
798 	 265 
798 	 280 
798 	 288 
798 	 291 
797 	 138 
797 	 161 
797 	 177 
797 	 183 
797 	 209 
797 	 211 
797 	 214 
797 	 222 
797 	 224 
797 	 230 
797 	 231 
797 	 238 
797 	 240 
797 	 242 
797 	 245 
797 	 269 
797 	 277 
797 	 294 
796 	 165 
796 	 167 
796 	 182 
796 	 189 
796 	 195 
796 	 196 
796 	 203 
796 	 205 
796 	 209 
796 	 211 
796 	 213 
796 	 214 
796 	 215 
796 	 218 
796 	 225 
796 	 233 
796 	 234 
796 	 237 
796 	 247 
796 	 248 
796 	 251 
796 	 258 
796 	 274 
796 	 291 
795 	 103 
795 	 157 
795 	 170 
795 	 210 
795 	 218 
795 	 221 
795 	 223 
795 	 225 
795 	 231 
795 	 232 
795 	 237 
795 	 239 
795 	 240 
795 	 245 
795 	 255 
795 	 256 
795 	 262 
795 	 263 
795 	 282 
795 	 291 
794 	 160 
794 	 171 
794 	 187 
794 	 199 
794 	 201 
794 	 207 
794 	 210 
794 	 213 
794 	 216 
794 	 217 
794 	 219 
794 	 222 
794 	 232 
794 	 237 
794 	 240 
794 	 242 
794 	 244 
794 	 246 
794 	 247 
794 	 248 
794 	 250 
794 	 253 
794 	 256 
794 	 258 
794 	 266 
794 	 271 
794 	 336 
793 	 164 
793 	 178 
793 	 180 
793 	 187 
793 	 189 
793 	 195 
793 	 196 
793 	 200 
793 	 204 
793 	 206 
793 	 209 
793 	 213 
793 	 216 
793 	 223 
793 	 226 
793 	 233 
793 	 242 
793 	 243 
793 	 245 
793 	 246 
793 	 247 
793 	 255 
793 	 269 
793 	 325 
793 	 336 
792 	 163 
792 	 176 
792 	 181 
792 	 188 
792 	 193 
792 	 194 
792 	 197 
792 	 204 
792 	 206 
792 	 208 
792 	 209 
792 	 212 
792 	 214 
792 	 225 
792 	 236 
792 	 248 
792 	 249 
792 	 257 
792 	 261 
792 	 269 
792 	 279 
792 	 286 
791 	 184 
791 	 187 
791 	 188 
791 	 197 
791 	 199 
791 	 204 
791 	 211 
791 	 228 
791 	 230 
791 	 241 
791 	 253 
791 	 257 
791 	 269 
791 	 274 
790 	 136 
790 	 161 
790 	 167 
790 	 174 
790 	 195 
790 	 200 
790 	 201 
790 	 203 
790 	 204 
790 	 206 
790 	 208 
790 	 215 
790 	 220 
790 	 225 
790 	 226 
790 	 232 
790 	 248 
789 	 131 
789 	 140 
789 	 184 
789 	 200 
789 	 202 
789 	 204 
789 	 205 
789 	 208 
789 	 218 
789 	 229 
789 	 231 
789 	 232 
789 	 235 
789 	 242 
789 	 246 
789 	 263 
788 	 120 
788 	 168 
788 	 169 
788 	 183 
788 	 191 
788 	 192 
788 	 199 
788 	 201 
788 	 203 
788 	 210 
788 	 213 
788 	 214 
788 	 221 
788 	 224 
788 	 230 
788 	 232 
788 	 235 
788 	 237 
788 	 240 
788 	 241 
788 	 257 
788 	 269 
787 	 127 
787 	 159 
787 	 168 
787 	 171 
787 	 194 
787 	 201 
787 	 204 
787 	 208 
787 	 211 
787 	 213 
787 	 217 
787 	 228 
787 	 234 
787 	 240 
787 	 244 
787 	 247 
787 	 264 
786 	 111 
786 	 117 
786 	 155 
786 	 157 
786 	 172 
786 	 176 
786 	 180 
786 	 181 
786 	 182 
786 	 186 
786 	 188 
786 	 194 
786 	 202 
786 	 207 
786 	 209 
786 	 210 
786 	 212 
786 	 214 
786 	 215 
786 	 218 
786 	 221 
786 	 224 
786 	 228 
786 	 232 
786 	 248 
786 	 252 
786 	 260 
786 	 299 
785 	 106 
785 	 150 
785 	 171 
785 	 177 
785 	 187 
785 	 199 
785 	 203 
785 	 207 
785 	 218 
785 	 222 
785 	 225 
785 	 253 
785 	 268 
785 	 272 
785 	 283 
785 	 288 
784 	 131 
784 	 174 
784 	 175 
784 	 185 
784 	 186 
784 	 198 
784 	 199 
784 	 203 
784 	 209 
784 	 217 
784 	 218 
784 	 220 
784 	 226 
784 	 229 
784 	 230 
784 	 231 
784 	 232 
784 	 239 
784 	 251 
784 	 262 
783 	 164 
783 	 182 
783 	 192 
783 	 198 
783 	 199 
783 	 200 
783 	 201 
783 	 202 
783 	 206 
783 	 209 
783 	 211 
783 	 214 
783 	 215 
783 	 216 
783 	 225 
783 	 233 
783 	 244 
783 	 279 
782 	 113 
782 	 149 
782 	 163 
782 	 165 
782 	 174 
782 	 185 
782 	 186 
782 	 198 
782 	 218 
782 	 233 
782 	 235 
782 	 251 
782 	 291 
781 	 109 
781 	 157 
781 	 163 
781 	 164 
781 	 166 
781 	 168 
781 	 171 
781 	 186 
781 	 190 
781 	 192 
781 	 193 
781 	 197 
781 	 200 
781 	 201 
781 	 207 
781 	 212 
781 	 224 
781 	 232 
781 	 235 
781 	 236 
781 	 238 
781 	 242 
781 	 243 
781 	 245 
781 	 279 
780 	 126 
780 	 137 
780 	 157 
780 	 167 
780 	 168 
780 	 173 
780 	 174 
780 	 176 
780 	 179 
780 	 183 
780 	 194 
780 	 196 
780 	 200 
780 	 217 
780 	 218 
780 	 220 
780 	 225 
780 	 242 
779 	 175 
779 	 180 
779 	 197 
779 	 204 
779 	 208 
779 	 209 
779 	 212 
779 	 213 
779 	 216 
779 	 226 
779 	 257 
778 	 107 
778 	 149 
778 	 155 
778 	 163 
778 	 169 
778 	 170 
778 	 175 
778 	 180 
778 	 183 
778 	 187 
778 	 192 
778 	 194 
778 	 198 
778 	 205 
778 	 208 
778 	 212 
778 	 223 
778 	 231 
778 	 240 
777 	 107 
777 	 114 
777 	 141 
777 	 160 
777 	 161 
777 	 165 
777 	 169 
777 	 174 
777 	 188 
777 	 189 
777 	 191 
777 	 193 
777 	 195 
777 	 199 
777 	 200 
777 	 211 
777 	 214 
777 	 216 
777 	 219 
777 	 228 
777 	 232 
777 	 234 
777 	 248 
776 	 142 
776 	 163 
776 	 173 
776 	 180 
776 	 182 
776 	 189 
776 	 191 
776 	 201 
776 	 208 
776 	 212 
776 	 227 
775 	 108 
775 	 118 
775 	 143 
775 	 147 
775 	 149 
775 	 165 
775 	 167 
775 	 168 
775 	 169 
775 	 179 
775 	 184 
775 	 185 
775 	 196 
775 	 199 
775 	 204 
775 	 207 
775 	 214 
775 	 224 
775 	 234 
774 	 149 
774 	 170 
774 	 171 
774 	 172 
774 	 175 
774 	 177 
774 	 179 
774 	 181 
774 	 183 
774 	 186 
774 	 196 
774 	 197 
774 	 205 
774 	 206 
774 	 220 
774 	 230 
774 	 232 
773 	 114 
773 	 135 
773 	 148 
773 	 152 
773 	 157 
773 	 159 
773 	 161 
773 	 162 
773 	 163 
773 	 166 
773 	 179 
773 	 184 
773 	 190 
773 	 192 
773 	 193 
773 	 195 
773 	 199 
773 	 202 
773 	 207 
773 	 220 
773 	 225 
773 	 234 
773 	 242 
772 	 106 
772 	 159 
772 	 160 
772 	 161 
772 	 164 
772 	 168 
772 	 171 
772 	 175 
772 	 180 
772 	 183 
772 	 187 
772 	 188 
772 	 205 
772 	 207 
772 	 210 
772 	 212 
772 	 214 
772 	 231 
771 	 104 
771 	 121 
771 	 136 
771 	 147 
771 	 149 
771 	 166 
771 	 172 
771 	 174 
771 	 175 
771 	 177 
771 	 178 
771 	 188 
771 	 189 
771 	 191 
771 	 197 
771 	 204 
771 	 214 
771 	 224 
770 	 112 
770 	 139 
770 	 161 
770 	 177 
770 	 189 
770 	 195 
770 	 198 
770 	 201 
770 	 205 
769 	 155 
769 	 164 
769 	 166 
769 	 167 
769 	 171 
769 	 172 
769 	 173 
769 	 187 
769 	 189 
769 	 201 
769 	 212 
769 	 216 
769 	 218 
768 	 92 
768 	 110 
768 	 117 
768 	 137 
768 	 146 
768 	 149 
768 	 162 
768 	 164 
768 	 171 
768 	 172 
768 	 174 
768 	 178 
768 	 179 
768 	 181 
768 	 186 
768 	 196 
768 	 197 
768 	 217 
767 	 96 
767 	 117 
767 	 129 
767 	 135 
767 	 141 
767 	 153 
767 	 161 
767 	 164 
767 	 168 
767 	 170 
767 	 177 
767 	 178 
767 	 187 
767 	 201 
767 	 207 
767 	 208 
767 	 216 
766 	 85 
766 	 143 
766 	 144 
766 	 148 
766 	 152 
766 	 153 
766 	 154 
766 	 159 
766 	 165 
766 	 166 
766 	 169 
766 	 170 
766 	 173 
766 	 174 
766 	 179 
766 	 181 
766 	 182 
766 	 188 
766 	 189 
766 	 191 
766 	 194 
766 	 202 
766 	 205 
766 	 210 
765 	 85 
765 	 116 
765 	 118 
765 	 128 
765 	 130 
765 	 132 
765 	 144 
765 	 149 
765 	 150 
765 	 162 
765 	 167 
765 	 170 
765 	 172 
765 	 173 
765 	 205 
764 	 94 
764 	 100 
764 	 110 
764 	 138 
764 	 154 
764 	 163 
764 	 166 
764 	 168 
764 	 169 
764 	 171 
764 	 172 
764 	 175 
764 	 176 
764 	 177 
764 	 180 
764 	 185 
764 	 190 
764 	 196 
764 	 204 
764 	 217 
763 	 111 
763 	 129 
763 	 135 
763 	 137 
763 	 140 
763 	 151 
763 	 154 
763 	 160 
763 	 162 
763 	 163 
763 	 164 
763 	 165 
763 	 168 
763 	 169 
763 	 173 
763 	 176 
763 	 177 
763 	 186 
763 	 192 
763 	 212 
763 	 216 
762 	 97 
762 	 104 
762 	 108 
762 	 111 
762 	 113 
762 	 126 
762 	 128 
762 	 140 
762 	 148 
762 	 152 
762 	 158 
762 	 163 
762 	 167 
762 	 169 
762 	 170 
762 	 188 
762 	 215 
762 	 227 
762 	 276 
761 	 79 
761 	 131 
761 	 145 
761 	 148 
761 	 154 
761 	 155 
761 	 163 
761 	 168 
761 	 169 
761 	 171 
761 	 173 
761 	 176 
761 	 177 
761 	 200 
761 	 214 
760 	 103 
760 	 110 
760 	 119 
760 	 125 
760 	 131 
760 	 144 
760 	 146 
760 	 158 
760 	 159 
760 	 160 
760 	 161 
760 	 191 
760 	 199 
760 	 224 
759 	 87 
759 	 98 
759 	 102 
759 	 110 
759 	 118 
759 	 148 
759 	 153 
759 	 155 
759 	 157 
759 	 160 
759 	 162 
759 	 167 
759 	 171 
759 	 172 
759 	 175 
759 	 178 
759 	 179 
759 	 188 
759 	 190 
759 	 195 
759 	 196 
759 	 200 
759 	 201 
758 	 72 
758 	 127 
758 	 128 
758 	 129 
758 	 130 
758 	 132 
758 	 134 
758 	 142 
758 	 143 
758 	 151 
758 	 155 
758 	 156 
758 	 158 
758 	 160 
758 	 162 
758 	 166 
758 	 169 
758 	 171 
758 	 172 
758 	 175 
758 	 177 
758 	 183 
758 	 190 
758 	 199 
758 	 211 
757 	 105 
757 	 111 
757 	 117 
757 	 124 
757 	 129 
757 	 151 
757 	 159 
757 	 161 
757 	 165 
757 	 171 
757 	 178 
757 	 179 
757 	 201 
756 	 78 
756 	 97 
756 	 125 
756 	 126 
756 	 130 
756 	 138 
756 	 144 
756 	 147 
756 	 149 
756 	 156 
756 	 161 
756 	 162 
756 	 163 
756 	 166 
756 	 172 
756 	 176 
756 	 177 
756 	 179 
756 	 187 
756 	 188 
756 	 189 
756 	 192 
756 	 224 
755 	 84 
755 	 89 
755 	 108 
755 	 115 
755 	 127 
755 	 132 
755 	 133 
755 	 137 
755 	 141 
755 	 146 
755 	 148 
755 	 151 
755 	 153 
755 	 157 
755 	 167 
755 	 168 
755 	 169 
755 	 174 
755 	 175 
755 	 178 
755 	 187 
755 	 191 
755 	 218 
754 	 96 
754 	 108 
754 	 115 
754 	 120 
754 	 122 
754 	 132 
754 	 134 
754 	 137 
754 	 138 
754 	 142 
754 	 143 
754 	 152 
754 	 154 
754 	 156 
754 	 157 
754 	 160 
754 	 164 
754 	 167 
754 	 175 
754 	 184 
754 	 188 
754 	 191 
754 	 213 
754 	 219 
753 	 118 
753 	 119 
753 	 122 
753 	 125 
753 	 135 
753 	 137 
753 	 140 
753 	 150 
753 	 159 
753 	 162 
753 	 169 
753 	 171 
753 	 172 
753 	 178 
753 	 183 
752 	 89 
752 	 90 
752 	 114 
752 	 118 
752 	 122 
752 	 125 
752 	 127 
752 	 133 
752 	 138 
752 	 144 
752 	 157 
752 	 162 
752 	 169 
752 	 171 
752 	 174 
752 	 186 
751 	 97 
751 	 99 
751 	 100 
751 	 104 
751 	 105 
751 	 112 
751 	 121 
751 	 125 
751 	 129 
751 	 132 
751 	 133 
751 	 137 
751 	 149 
751 	 150 
751 	 157 
751 	 160 
751 	 161 
751 	 166 
751 	 172 
751 	 179 
751 	 193 
750 	 45 
750 	 96 
750 	 101 
750 	 102 
750 	 105 
750 	 108 
750 	 109 
750 	 112 
750 	 113 
750 	 119 
750 	 128 
750 	 132 
750 	 133 
750 	 160 
750 	 167 
750 	 187 
749 	 106 
749 	 107 
749 	 117 
749 	 122 
749 	 124 
749 	 138 
749 	 140 
749 	 150 
749 	 151 
749 	 158 
749 	 159 
749 	 162 
749 	 164 
749 	 165 
749 	 166 
749 	 230 
748 	 85 
748 	 101 
748 	 108 
748 	 112 
748 	 113 
748 	 126 
748 	 127 
748 	 131 
748 	 132 
748 	 137 
748 	 141 
748 	 143 
748 	 150 
748 	 151 
748 	 159 
748 	 164 
748 	 171 
748 	 173 
748 	 179 
747 	 88 
747 	 94 
747 	 95 
747 	 98 
747 	 101 
747 	 106 
747 	 107 
747 	 108 
747 	 112 
747 	 117 
747 	 126 
747 	 133 
747 	 134 
747 	 140 
747 	 141 
747 	 147 
747 	 153 
747 	 157 
747 	 159 
747 	 160 
747 	 164 
747 	 171 
747 	 177 
746 	 92 
746 	 97 
746 	 104 
746 	 107 
746 	 108 
746 	 118 
746 	 125 
746 	 130 
746 	 133 
746 	 145 
746 	 150 
746 	 154 
746 	 156 
746 	 159 
746 	 171 
745 	 94 
745 	 99 
745 	 108 
745 	 113 
745 	 117 
745 	 125 
745 	 127 
745 	 128 
745 	 135 
745 	 136 
745 	 139 
745 	 140 
745 	 142 
745 	 155 
745 	 162 
745 	 171 
745 	 172 
745 	 179 
745 	 181 
745 	 191 
744 	 12 
744 	 89 
744 	 110 
744 	 112 
744 	 117 
744 	 123 
744 	 126 
744 	 134 
744 	 136 
744 	 137 
744 	 139 
744 	 140 
744 	 144 
744 	 155 
744 	 156 
744 	 157 
744 	 160 
744 	 161 
744 	 167 
744 	 212 
743 	 52 
743 	 104 
743 	 105 
743 	 112 
743 	 127 
743 	 129 
743 	 137 
743 	 138 
743 	 144 
743 	 153 
743 	 157 
743 	 162 
743 	 164 
743 	 165 
743 	 166 
743 	 173 
743 	 174 
743 	 175 
743 	 186 
742 	 86 
742 	 91 
742 	 95 
742 	 112 
742 	 129 
742 	 152 
742 	 173 
742 	 181 
742 	 183 
741 	 80 
741 	 81 
741 	 97 
741 	 98 
741 	 107 
741 	 111 
741 	 114 
741 	 122 
741 	 123 
741 	 126 
741 	 132 
741 	 137 
741 	 138 
741 	 151 
741 	 157 
741 	 158 
741 	 159 
741 	 164 
741 	 175 
741 	 177 
741 	 178 
740 	 40 
740 	 88 
740 	 110 
740 	 125 
740 	 132 
740 	 141 
740 	 142 
740 	 143 
740 	 148 
740 	 159 
740 	 163 
740 	 173 
739 	 31 
739 	 83 
739 	 86 
739 	 93 
739 	 94 
739 	 95 
739 	 96 
739 	 97 
739 	 100 
739 	 107 
739 	 109 
739 	 110 
739 	 115 
739 	 120 
739 	 124 
739 	 127 
739 	 131 
739 	 135 
739 	 137 
739 	 139 
739 	 140 
739 	 149 
739 	 157 
739 	 164 
738 	 94 
738 	 100 
738 	 104 
738 	 107 
738 	 109 
738 	 114 
738 	 123 
738 	 132 
738 	 135 
738 	 141 
738 	 150 
738 	 159 
738 	 163 
738 	 168 
738 	 194 
737 	 67 
737 	 89 
737 	 90 
737 	 93 
737 	 96 
737 	 103 
737 	 106 
737 	 108 
737 	 112 
737 	 127 
737 	 128 
737 	 132 
737 	 138 
737 	 146 
737 	 158 
737 	 177 
736 	 87 
736 	 94 
736 	 102 
736 	 107 
736 	 115 
736 	 116 
736 	 120 
736 	 121 
736 	 131 
736 	 148 
736 	 150 
736 	 151 
736 	 159 
735 	 68 
735 	 97 
735 	 100 
735 	 102 
735 	 113 
735 	 120 
735 	 121 
735 	 129 
735 	 134 
735 	 138 
735 	 141 
735 	 160 
735 	 170 
734 	 82 
734 	 90 
734 	 97 
734 	 102 
734 	 117 
734 	 121 
734 	 122 
734 	 126 
734 	 130 
734 	 133 
734 	 138 
734 	 140 
734 	 141 
734 	 143 
734 	 145 
734 	 147 
734 	 154 
734 	 162 
733 	 84 
733 	 96 
733 	 101 
733 	 111 
733 	 121 
733 	 124 
733 	 126 
733 	 128 
733 	 157 
733 	 158 
733 	 163 
733 	 172 
732 	 57 
732 	 96 
732 	 98 
732 	 101 
732 	 103 
732 	 106 
732 	 112 
732 	 113 
732 	 118 
732 	 120 
732 	 121 
732 	 124 
732 	 130 
732 	 139 
732 	 140 
732 	 158 
732 	 168 
732 	 170 
732 	 181 
732 	 184 
731 	 57 
731 	 69 
731 	 72 
731 	 82 
731 	 91 
731 	 95 
731 	 98 
731 	 99 
731 	 102 
731 	 103 
731 	 104 
731 	 107 
731 	 115 
731 	 118 
731 	 127 
731 	 129 
731 	 135 
731 	 139 
731 	 140 
731 	 144 
731 	 147 
731 	 152 
731 	 163 
730 	 87 
730 	 92 
730 	 95 
730 	 103 
730 	 104 
730 	 112 
730 	 121 
730 	 125 
730 	 131 
730 	 149 
730 	 156 
730 	 164 
729 	 56 
729 	 67 
729 	 69 
729 	 77 
729 	 93 
729 	 94 
729 	 99 
729 	 102 
729 	 108 
729 	 114 
729 	 115 
729 	 124 
729 	 125 
729 	 128 
729 	 137 
729 	 143 
729 	 151 
729 	 163 
729 	 166 
728 	 66 
728 	 82 
728 	 91 
728 	 94 
728 	 95 
728 	 97 
728 	 105 
728 	 109 
728 	 113 
728 	 121 
728 	 149 
728 	 158 
728 	 170 
727 	 75 
727 	 79 
727 	 90 
727 	 91 
727 	 96 
727 	 100 
727 	 107 
727 	 117 
727 	 121 
727 	 131 
727 	 132 
727 	 150 
727 	 168 
727 	 169 
726 	 71 
726 	 79 
726 	 80 
726 	 84 
726 	 86 
726 	 89 
726 	 90 
726 	 94 
726 	 100 
726 	 105 
726 	 107 
726 	 116 
726 	 122 
726 	 124 
726 	 125 
726 	 134 
726 	 136 
726 	 140 
725 	 55 
725 	 58 
725 	 66 
725 	 71 
725 	 72 
725 	 76 
725 	 82 
725 	 84 
725 	 97 
725 	 107 
725 	 108 
725 	 109 
725 	 120 
725 	 121 
725 	 127 
725 	 145 
724 	 74 
724 	 76 
724 	 86 
724 	 87 
724 	 90 
724 	 94 
724 	 97 
724 	 108 
724 	 110 
724 	 113 
724 	 114 
724 	 116 
724 	 119 
724 	 120 
724 	 127 
724 	 143 
724 	 161 
723 	 81 
723 	 85 
723 	 95 
723 	 96 
723 	 102 
723 	 113 
723 	 114 
723 	 115 
723 	 124 
722 	 67 
722 	 68 
722 	 71 
722 	 85 
722 	 99 
722 	 100 
722 	 102 
722 	 109 
722 	 115 
722 	 118 
722 	 121 
722 	 122 
722 	 123 
722 	 126 
722 	 129 
722 	 142 
722 	 144 
722 	 146 
721 	 73 
721 	 75 
721 	 89 
721 	 90 
721 	 100 
721 	 101 
721 	 118 
721 	 119 
721 	 120 
721 	 121 
721 	 141 
720 	 12 
720 	 50 
720 	 57 
720 	 75 
720 	 84 
720 	 87 
720 	 89 
720 	 92 
720 	 93 
720 	 95 
720 	 100 
720 	 102 
720 	 105 
720 	 107 
720 	 109 
720 	 110 
720 	 112 
720 	 119 
720 	 125 
720 	 135 
719 	 64 
719 	 66 
719 	 67 
719 	 69 
719 	 75 
719 	 82 
719 	 86 
719 	 90 
719 	 98 
719 	 100 
719 	 101 
719 	 113 
719 	 115 
719 	 121 
719 	 128 
718 	 53 
718 	 59 
718 	 63 
718 	 77 
718 	 81 
718 	 84 
718 	 89 
718 	 90 
718 	 93 
718 	 96 
718 	 103 
718 	 112 
718 	 118 
718 	 124 
718 	 125 
718 	 152 
718 	 160 
717 	 65 
717 	 67 
717 	 90 
717 	 91 
717 	 95 
717 	 98 
717 	 108 
717 	 109 
717 	 113 
717 	 118 
717 	 127 
717 	 133 
717 	 141 
716 	 24 
716 	 43 
716 	 61 
716 	 74 
716 	 77 
716 	 78 
716 	 81 
716 	 85 
716 	 86 
716 	 88 
716 	 89 
716 	 93 
716 	 96 
716 	 99 
716 	 107 
716 	 113 
716 	 114 
716 	 122 
716 	 125 
716 	 126 
716 	 127 
716 	 133 
716 	 137 
716 	 144 
716 	 150 
715 	 52 
715 	 58 
715 	 59 
715 	 60 
715 	 67 
715 	 69 
715 	 70 
715 	 84 
715 	 93 
715 	 104 
715 	 110 
715 	 112 
715 	 135 
714 	 42 
714 	 58 
714 	 81 
714 	 83 
714 	 85 
714 	 89 
714 	 91 
714 	 92 
714 	 101 
714 	 113 
713 	 44 
713 	 46 
713 	 51 
713 	 52 
713 	 69 
713 	 70 
713 	 74 
713 	 79 
713 	 80 
713 	 99 
713 	 102 
713 	 110 
713 	 115 
713 	 127 
712 	 45 
712 	 56 
712 	 63 
712 	 76 
712 	 78 
712 	 79 
712 	 81 
712 	 82 
712 	 87 
712 	 88 
712 	 93 
712 	 96 
712 	 108 
712 	 115 
712 	 134 
711 	 38 
711 	 67 
711 	 74 
711 	 78 
711 	 80 
711 	 84 
711 	 85 
711 	 96 
711 	 100 
711 	 113 
710 	 60 
710 	 71 
710 	 75 
710 	 83 
710 	 87 
710 	 90 
710 	 94 
710 	 95 
710 	 98 
710 	 110 
710 	 114 
709 	 39 
709 	 56 
709 	 57 
709 	 58 
709 	 72 
709 	 73 
709 	 86 
709 	 87 
709 	 93 
709 	 101 
709 	 105 
709 	 111 
709 	 122 
709 	 134 
708 	 46 
708 	 53 
708 	 54 
708 	 63 
708 	 69 
708 	 77 
708 	 83 
708 	 88 
708 	 90 
708 	 92 
708 	 96 
708 	 97 
708 	 98 
708 	 103 
708 	 111 
707 	 47 
707 	 56 
707 	 67 
707 	 73 
707 	 74 
707 	 78 
707 	 79 
707 	 85 
707 	 87 
707 	 95 
707 	 97 
707 	 105 
706 	 44 
706 	 53 
706 	 55 
706 	 61 
706 	 65 
706 	 70 
706 	 71 
706 	 72 
706 	 76 
706 	 77 
706 	 78 
706 	 79 
706 	 81 
706 	 94 
706 	 95 
706 	 96 
706 	 98 
706 	 105 
706 	 106 
706 	 138 
705 	 32 
705 	 52 
705 	 56 
705 	 58 
705 	 64 
705 	 70 
705 	 86 
705 	 99 
705 	 105 
705 	 108 
704 	 49 
704 	 51 
704 	 54 
704 	 64 
704 	 67 
704 	 68 
704 	 77 
704 	 78 
704 	 80 
704 	 96 
704 	 100 
704 	 117 
703 	 54 
703 	 57 
703 	 61 
703 	 62 
703 	 70 
703 	 72 
703 	 73 
703 	 74 
703 	 76 
703 	 84 
703 	 89 
703 	 96 
703 	 101 
703 	 110 
703 	 111 
702 	 46 
702 	 53 
702 	 58 
702 	 60 
702 	 68 
702 	 69 
702 	 73 
702 	 77 
702 	 89 
702 	 99 
702 	 110 
701 	 61 
701 	 62 
701 	 64 
701 	 67 
701 	 69 
701 	 78 
701 	 83 
701 	 101 
701 	 115 
700 	 53 
700 	 55 
700 	 61 
700 	 72 
700 	 74 
700 	 78 
700 	 90 
700 	 94 
700 	 122 
699 	 41 
699 	 48 
699 	 54 
699 	 58 
699 	 62 
699 	 64 
699 	 65 
699 	 68 
699 	 71 
699 	 75 
699 	 83 
699 	 84 
699 	 90 
699 	 103 
698 	 39 
698 	 44 
698 	 51 
698 	 60 
698 	 63 
698 	 64 
698 	 68 
698 	 69 
698 	 85 
698 	 102 
697 	 37 
697 	 46 
697 	 48 
697 	 56 
697 	 58 
697 	 59 
697 	 60 
697 	 61 
697 	 63 
697 	 65 
697 	 73 
697 	 74 
697 	 83 
696 	 40 
696 	 50 
696 	 55 
696 	 62 
696 	 63 
696 	 65 
696 	 70 
696 	 75 
696 	 76 
696 	 87 
696 	 89 
696 	 91 
695 	 52 
695 	 67 
695 	 73 
695 	 81 
695 	 87 
695 	 88 
695 	 91 
694 	 54 
694 	 59 
694 	 62 
694 	 64 
694 	 69 
694 	 88 
693 	 50 
693 	 63 
693 	 67 
693 	 69 
693 	 70 
693 	 72 
693 	 75 
693 	 79 
692 	 40 
692 	 48 
692 	 53 
692 	 61 
692 	 63 
692 	 71 
692 	 72 
691 	 32 
691 	 38 
691 	 53 
691 	 60 
691 	 62 
691 	 65 
691 	 76 
691 	 77 
691 	 81 
691 	 83 
691 	 95 
690 	 40 
690 	 45 
690 	 46 
690 	 48 
690 	 52 
690 	 60 
690 	 64 
690 	 69 
690 	 73 
690 	 98 
689 	 43 
689 	 60 
689 	 75 
689 	 76 
689 	 84 
689 	 95 
688 	 30 
688 	 48 
688 	 51 
688 	 53 
688 	 62 
687 	 30 
687 	 44 
687 	 49 
687 	 63 
687 	 65 
686 	 34 
686 	 36 
686 	 45 
686 	 46 
686 	 49 
686 	 50 
686 	 56 
686 	 59 
686 	 60 
686 	 61 
686 	 66 
686 	 82 
686 	 83 
686 	 96 
685 	 41 
685 	 57 
685 	 60 
685 	 61 
685 	 76 
684 	 36 
684 	 39 
684 	 42 
684 	 43 
684 	 44 
684 	 47 
684 	 50 
684 	 58 
684 	 59 
684 	 62 
684 	 67 
684 	 70 
683 	 50 
683 	 65 
683 	 69 
683 	 70 
683 	 77 
682 	 32 
682 	 37 
682 	 41 
682 	 43 
682 	 45 
682 	 47 
682 	 51 
682 	 58 
682 	 62 
682 	 65 
682 	 67 
682 	 70 
681 	 36 
681 	 39 
681 	 45 
681 	 47 
681 	 49 
680 	 34 
680 	 38 
680 	 56 
680 	 60 
680 	 62 
680 	 70 
680 	 73 
679 	 38 
679 	 41 
679 	 44 
679 	 45 
679 	 52 
679 	 54 
679 	 55 
679 	 60 
679 	 65 
679 	 67 
678 	 28 
678 	 29 
678 	 31 
678 	 36 
678 	 45 
678 	 48 
678 	 53 
678 	 61 
678 	 63 
678 	 65 
678 	 69 
677 	 50 
677 	 64 
677 	 66 
676 	 12 
676 	 35 
676 	 36 
676 	 45 
676 	 46 
676 	 51 
676 	 56 
676 	 59 
676 	 60 
676 	 68 
675 	 27 
675 	 46 
675 	 51 
675 	 55 
675 	 59 
675 	 60 
675 	 65 
674 	 28 
674 	 50 
674 	 58 
673 	 35 
673 	 36 
673 	 42 
673 	 45 
673 	 53 
672 	 26 
672 	 29 
672 	 34 
672 	 62 
671 	 28 
671 	 32 
671 	 39 
671 	 40 
671 	 41 
671 	 56 
671 	 65 
671 	 75 
670 	 21 
670 	 32 
670 	 39 
670 	 46 
670 	 50 
670 	 53 
669 	 30 
669 	 36 
669 	 44 
669 	 61 
669 	 66 
669 	 74 
668 	 34 
668 	 42 
668 	 44 
668 	 52 
668 	 53 
668 	 55 
667 	 30 
667 	 33 
667 	 41 
667 	 45 
667 	 47 
667 	 48 
667 	 56 
666 	 28 
666 	 29 
666 	 33 
666 	 47 
666 	 50 
666 	 59 
666 	 61 
665 	 24 
665 	 31 
665 	 49 
665 	 50 
665 	 51 
665 	 55 
665 	 59 
664 	 29 
664 	 30 
664 	 37 
664 	 48 
664 	 52 
663 	 29 
663 	 30 
663 	 39 
663 	 42 
663 	 49 
663 	 59 
662 	 28 
662 	 40 
662 	 42 
662 	 45 
662 	 53 
662 	 55 
661 	 27 
661 	 34 
661 	 41 
661 	 46 
660 	 26 
660 	 28 
660 	 29 
660 	 36 
660 	 39 
660 	 42 
660 	 47 
660 	 49 
660 	 50 
659 	 18 
659 	 20 
659 	 30 
659 	 41 
659 	 43 
659 	 48 
659 	 49 
658 	 26 
658 	 27 
658 	 36 
658 	 37 
658 	 39 
658 	 50 
657 	 25 
657 	 28 
657 	 36 
657 	 38 
657 	 42 
656 	 27 
656 	 28 
656 	 30 
656 	 33 
656 	 34 
656 	 40 
656 	 44 
655 	 27 
655 	 28 
655 	 34 
655 	 51 
654 	 19 
654 	 21 
654 	 26 
654 	 28 
654 	 37 
654 	 41 
654 	 43 
654 	 62 
653 	 18 
653 	 26 
653 	 27 
653 	 37 
653 	 51 
653 	 52 
652 	 22 
652 	 26 
652 	 29 
652 	 39 
652 	 46 
651 	 11 
651 	 18 
651 	 22 
651 	 37 
651 	 57 
650 	 20 
650 	 24 
650 	 31 
650 	 33 
650 	 42 
650 	 46 
649 	 20 
649 	 27 
649 	 28 
649 	 39 
649 	 45 
649 	 55 
648 	 12 
648 	 23 
648 	 26 
648 	 32 
647 	 18 
647 	 26 
647 	 29 
647 	 31 
647 	 32 
647 	 34 
647 	 37 
647 	 39 
646 	 4 
646 	 11 
646 	 15 
646 	 22 
646 	 26 
646 	 44 
645 	 4 
645 	 26 
645 	 29 
645 	 32 
645 	 50 
644 	 7 
644 	 17 
644 	 21 
644 	 22 
644 	 24 
644 	 26 
644 	 27 
644 	 34 
644 	 45 
643 	 20 
643 	 27 
642 	 11 
642 	 15 
642 	 16 
642 	 27 
641 	 17 
641 	 20 
641 	 27 
641 	 29 
640 	 10 
640 	 13 
640 	 14 
640 	 21 
640 	 23 
639 	 3 
639 	 11 
639 	 14 
639 	 16 
639 	 19 
639 	 21 
639 	 22 
639 	 25 
639 	 28 
639 	 33 
638 	 14 
638 	 22 
638 	 37 
638 	 42 
637 	 4 
637 	 15 
637 	 18 
637 	 24 
636 	 8 
636 	 12 
636 	 24 
636 	 25 
636 	 52 
635 	 9 
635 	 16 
635 	 17 
635 	 19 
634 	 2 
634 	 10 
634 	 11 
634 	 12 
634 	 14 
634 	 17 
634 	 25 
634 	 30 
633 	 8 
633 	 11 
633 	 12 
633 	 20 
633 	 33 
632 	 8 
632 	 9 
632 	 10 
632 	 14 
632 	 35 
631 	 2 
631 	 4 
631 	 11 
631 	 13 
631 	 15 
631 	 16 
631 	 28 
630 	 16 
630 	 17 
630 	 21 
629 	 2 
629 	 10 
629 	 11 
629 	 12 
629 	 15 
629 	 21 
629 	 38 
629 	 40 
629 	 41 
628 	 2 
628 	 4 
628 	 9 
628 	 16 
627 	 2 
627 	 7 
627 	 12 
627 	 18 
626 	 6 
626 	 9 
626 	 10 
626 	 13 
626 	 22 
625 	 5 
625 	 11 
625 	 23 
625 	 25 
624 	 11 
624 	 12 
624 	 19 
624 	 23 
624 	 27 
623 	 2 
623 	 3 
623 	 4 
623 	 8 
623 	 9 
623 	 10 
623 	 11 
623 	 12 
623 	 17 
623 	 18 
623 	 20 
622 	 3 
622 	 8 
622 	 15 
622 	 23 
621 	 6 
621 	 7 
621 	 18 
620 	 4 
620 	 9 
620 	 13 
619 	 2 
619 	 5 
619 	 6 
619 	 7 
619 	 8 
619 	 15 
619 	 19 
618 	 8 
618 	 9 
617 	 4 
617 	 7 
617 	 12 
617 	 14 
617 	 21 
617 	 25 
616 	 2 
616 	 3 
616 	 4 
616 	 5 
616 	 8 
616 	 9 
616 	 10 
616 	 12 
615 	 3 
615 	 7 
615 	 9 
614 	 8 
614 	 9 
614 	 21 
613 	 2 
613 	 3 
613 	 6 
612 	 2 
612 	 7 
612 	 12 
611 	 3 
611 	 7 
611 	 10 
611 	 11 
611 	 13 
610 	 6 
610 	 7 
610 	 10 
610 	 12 
610 	 13 
610 	 20 
609 	 2 
609 	 4 
609 	 8 
609 	 10 
609 	 13 
608 	 5 
608 	 9 
607 	 6 
607 	 9 
607 	 16 
606 	 2 
606 	 3 
606 	 4 
606 	 8 
606 	 9 
604 	 12 
602 	 7 
601 	 2 
601 	 6 
600 	 9 
600 	 10 
599 	 2 
598 	 5 
597 	 2 
595 	 4 
589 	 2 
589 	 6 
586 	 1 
582 	 1 
581 	 3 
580 	 2 
578 	 2 
576 	 1 
572 	 1 
552 	 1 
534 	 0 
532 	 0 
530 	 0 
523 	 0 
